    0  0.000000000000000  0.000665300000000
    1  0.096210773995188  0.000616500000000
    2  0.192421547990376  0.000576700000000
    3  0.288632321985564  0.000553600000000
    4  0.384843095980752  0.000547900000000
    5  0.481053869975940  0.000546600000000
    6  0.577264643971128  0.000544500000000
    7  0.673475417966316  0.000542700000000
    8  0.769686191961504  0.000540700000000
    9  0.865896965956692  0.000538800000000
   10  0.962107739951880  0.000536900000000
   11  1.058318513947068  0.000535000000000
   12  1.154529287942256  0.000533100000000
   13  1.250740061937444  0.000531200000000
   14  1.346950835932632  0.000529300000000
   15  1.443161609927820  0.000527400000000
   16  1.539372383923008  0.000525500000000
   17  1.635583157918196  0.000523600000000
   18  1.731793931913384  0.000521700000000
   19  1.828004705908572  0.000519800000000
   20  1.924215479903760  0.000517800000000
   21  2.020426253898948  0.000515900000000
   22  2.116637027894136  0.000514000000000
   23  2.212847801889324  0.000512100000000
   24  2.309058575884512  0.000510200000000
   25  2.405269349879700  0.000508300000000
   26  2.501480123874888  0.000506400000000
   27  2.597690897870076  0.000504500000000
   28  2.693901671865264  0.000502600000000
   29  2.790112445860452  0.000500700000000
   30  2.886323219855639  0.000498800000000
   31  2.982533993850828  0.000496900000000
   32  3.078744767846016  0.000495000000000
   33  3.174955541841204  0.000493100000000
   34  3.271166315836392  0.000491100000000
   35  3.367377089831579  0.000489200000000
   36  3.463587863826767  0.000487300000000
   37  3.559798637821955  0.000485400000000
   38  3.656009411817144  0.000483500000000
   39  3.752220185812332  0.000481600000000
   40  3.848430959807519  0.000479700000000
   41  3.944641733802707  0.000477800000000
   42  4.040852507797895  0.000475900000000
   43  4.137063281793083  0.000474000000000
   44  4.233274055788272  0.000472100000000
   45  4.329484829783460  0.000470200000000
   46  4.425695603778648  0.000468300000000
   47  4.521906377773836  0.000466400000000
   48  4.618117151769024  0.000464400000000
   49  4.714327925764211  0.000462500000000
   50  4.810538699759399  0.000460600000000
   51  4.906749473754587  0.000458700000000
   52  5.002960247749775  0.000456800000000
   53  5.099171021744963  0.000454900000000
   54  5.195381795740151  0.000453000000000
   55  5.291592569735339  0.000451100000000
   56  5.387803343730527  0.000449200000000
   57  5.484014117725716  0.000447300000000
   58  5.580224891720904  0.000445400000000
   59  5.676435665716091  0.000443500000000
   60  5.772646439711279  0.000441600000000
   61  5.868857213706467  0.000439700000000
   62  5.965067987701655  0.000437700000000
   63  6.061278761696843  0.000435800000000
   64  6.157489535692031  0.000433900000000
   65  6.253700309687219  0.000432000000000
   66  6.349911083682407  0.000430100000000
   67  6.446121857677595  0.000428200000000
   68  6.542332631672783  0.000426300000000
   69  6.638543405667972  0.000424400000000
   70  6.734754179663159  0.000422500000000
   71  6.830964953658347  0.000420600000000
   72  6.927175727653535  0.000418700000000
   73  7.023386501648723  0.000416800000000
   74  7.119597275643911  0.000414900000000
   75  7.215808049639099  0.000413000000000
   76  7.312018823634287  0.000411000000000
   77  7.408229597629475  0.000409100000000
   78  7.504440371624663  0.000407200000000
   79  7.600651145619851  0.000405300000000
   80  7.696861919615039  0.000403400000000
   81  7.793072693610227  0.000401500000000
   82  7.889283467605415  0.000399600000000
   83  7.985494241600603  0.000397700000000
   84  8.081705015595791  0.000395800000000
   85  8.177915789590980  0.000393900000000
   86  8.274126563586167  0.000392000000000
   87  8.370337337581354  0.000390100000000
   88  8.466548111576543  0.000388200000000
   89  8.562758885571730  0.000386300000000
   90  8.658969659566919  0.000384300000000
   91  8.755180433562106  0.000382400000000
   92  8.851391207557295  0.000380500000000
   93  8.947601981552483  0.000378600000000
   94  9.043812755547672  0.000376700000000
   95  9.140023529542859  0.000374800000000
   96  9.236234303538048  0.000372900000000
   97  9.332445077533235  0.000371000000000
   98  9.428655851528422  0.000369100000000
   99  9.524866625523611  0.000367200000000
  100  9.621077399518798  0.000365300000000
  101  9.717288173513987  0.000363400000000
  102  9.813498947509174  0.000361500000000
  103  9.909709721504363  0.000359600000000
  104 10.005920495499550  0.000357600000000
  105 10.102131269494739  0.000355700000000
  106 10.198342043489927  0.000353800000000
  107 10.294552817485114  0.000351900000000
  108 10.390763591480303  0.000346335520000
  109 10.486974365475490  0.000247831760000
  110 10.583185139470679 -0.000012146828800
  111 10.679395913465866 -0.000385994256000
  112 10.775606687461055 -0.000811974240320
  113 10.871817461456242 -0.001192371680000
  114 10.968028235451431 -0.001517900160000
  115 11.064239009446618 -0.001791459200000
  116 11.160449783441807 -0.001999438400000
  117 11.256660557436994 -0.002313804800000
  118 11.352871331432182 -0.002295757920000
  119 11.449082105427371 -0.002249829680000
  120 11.545292879422558 -0.002340193440000
  121 11.641503653417747 -0.002329192720000
  122 11.737714427412934 -0.002351307520000
  123 11.833925201408123 -0.002240093168000
  124 11.930135975403310 -0.002193393936000
  125 12.026346749398499 -0.002188675200000
  126 12.122557523393686 -0.002143435360000
  127 12.218768297388875 -0.002131724960000
  128 12.314979071384062 -0.002137498560000
  129 12.411189845379250 -0.002115426096000
  130 12.507400619374438 -0.002216509280000
  131 12.603611393369626 -0.002350626617600
  132 12.699822167364815 -0.002368123200000
  133 12.796032941360002 -0.002440747680000
  134 12.892243715355191 -0.002461873600000
  135 12.988454489350378 -0.002447729600000
  136 13.084665263345567 -0.002438313600000
  137 13.180876037340754 -0.002452003200000
  138 13.277086811335943 -0.002489544000000
  139 13.373297585331130 -0.002532868800000
  140 13.469508359326317 -0.002565158400000
  141 13.565719133321506 -0.002582000000000
  142 13.661929907316694 -0.002586849600000
  143 13.758140681311883 -0.002607742400000
  144 13.854351455307070 -0.002625043200000
  145 13.950562229302259 -0.002592635200000
  146 14.046773003297446 -0.002605512640000
  147 14.142983777292635 -0.002617700800000
  148 14.239194551287822 -0.002593486400000
  149 14.335405325283011 -0.002602740800000
  150 14.431616099278198 -0.002632076800000
  151 14.527826873273385 -0.002676939200000
  152 14.624037647268574 -0.002776464320000
  153 14.720248421263761 -0.002950067200000
  154 14.816459195258950 -0.003131291360000
  155 14.912669969254138 -0.003424291360000
  156 15.008880743249327 -0.003837572800000
  157 15.105091517244514 -0.004082735360000
  158 15.201302291239703 -0.004182011840000
  159 15.297513065234890 -0.004230603200000
  160 15.393723839230077 -0.004221232000000
  161 15.489934613225266 -0.004287836800000
  162 15.586145387220453 -0.004460179200000
  163 15.682356161215642 -0.004681862400000
  164 15.778566935210829 -0.004871748800000
  165 15.874777709206018 -0.004998513600000
  166 15.970988483201205 -0.005061616000000
  167 16.067199257196393 -0.005104974080000
  168 16.163410031191582 -0.005064062880000
  169 16.259620805186771 -0.004981470400000
  170 16.355831579181960 -0.005064000000000
  171 16.452042353177145 -0.005241804800000
  172 16.548253127172334 -0.005428678400000
  173 16.644463901167523 -0.005649436800000
  174 16.740674675162708 -0.005720144000000
  175 16.836885449157897 -0.006018291200000
  176 16.933096223153086 -0.006491963200000
  177 17.029306997148275 -0.006829804800000
  178 17.125517771143461 -0.007307872000000
  179 17.221728545138649 -0.007842052800000
  180 17.317939319133838 -0.008429014400000
  181 17.414150093129027 -0.009011440000000
  182 17.510360867124213 -0.009665505600000
  183 17.606571641119402 -0.010478404800000
  184 17.702782415114591 -0.011239360000000
  185 17.798993189109776 -0.011814000000000
  186 17.895203963104965 -0.012277171200000
  187 17.991414737100154 -0.013086816000000
  188 18.087625511095343 -0.014176832000000
  189 18.183836285090528 -0.014966064000000
  190 18.280047059085717 -0.015772192000000
  191 18.376257833080906 -0.017037728000000
  192 18.472468607076095 -0.018651344000000
  193 18.568679381071281 -0.020356096000000
  194 18.664890155066470 -0.022202656000000
  195 18.761100929061659 -0.024263280000000
  196 18.857311703056844 -0.026479888000000
  197 18.953522477052033 -0.028765552000000
  198 19.049733251047222 -0.031048480000000
  199 19.145944025042411 -0.033274192000000
  200 19.242154799037596 -0.035374896000000
  201 19.338365573032785 -0.037242624000000
  202 19.434576347027974 -0.038723440000000
  203 19.530787121023160 -0.039652256000000
  204 19.626997895018349 -0.041250560000000
  205 19.723208669013538 -0.046185664000000
  206 19.819419443008726 -0.052389792000000
  207 19.915630217003912 -0.057319856000000
  208 20.011840990999101 -0.060864656000000
  209 20.108051764994290 -0.062091680000000
  210 20.204262538989479 -0.064300304000000
  211 20.300473312984664 -0.068159328000000
  212 20.396684086979853 -0.071679856000000
  213 20.492894860975042 -0.075231824000000
  214 20.589105634970227 -0.079445392000000
  215 20.685316408965416 -0.084441952000000
  216 20.781527182960605 -0.090012624000000
  217 20.877737956955794 -0.096020896000000
  218 20.973948730950980 -0.102567136000000
  219 21.070159504946169 -0.109944960000000
  220 21.166370278941358 -0.118503520000000
  221 21.262581052936547 -0.128491200000000
  222 21.358791826931732 -0.139976480000000
  223 21.455002600926921 -0.152888000000000
  224 21.551213374922110 -0.167035360000000
  225 21.647424148917295 -0.182099680000000
  226 21.743634922912484 -0.197776640000000
  227 21.839845696907673 -0.213776640000000
  228 21.936056470902862 -0.229814720000000
  229 22.032267244898048 -0.245616320000000
  230 22.128478018893237 -0.260816640000000
  231 22.224688792888426 -0.274990240000000
  232 22.320899566883615 -0.287931360000000
  233 22.417110340878800 -0.299057920000000
  234 22.513321114873989 -0.308187200000000
  235 22.609531888869178 -0.317912000000000
  236 22.705742662864363 -0.331260160000000
  237 22.801953436859552 -0.345544480000000
  238 22.898164210854741 -0.356868320000000
  239 22.994374984849930 -0.364962880000000
  240 23.090585758845116 -0.369657600000000
  241 23.186796532840305 -0.371050720000000
  242 23.283007306835493 -0.370931680000000
  243 23.379218080830682 -0.370275520000000
  244 23.475428854825868 -0.369035040000000
  245 23.571639628821057 -0.367398400000000
  246 23.667850402816246 -0.364453120000000
  247 23.764061176811431 -0.358464000000000
  248 23.860271950806620 -0.349624640000000
  249 23.956482724801809 -0.338827200000000
  250 24.052693498796998 -0.327105280000000
  251 24.148904272792183 -0.318433440000000
  252 24.245115046787372 -0.314586560000000
  253 24.341325820782561 -0.312412800000000
  254 24.437536594777750 -0.310553600000000
  255 24.533747368772936 -0.309868640000000
  256 24.629958142768125 -0.310642240000000
  257 24.726168916763314 -0.312744000000000
  258 24.822379690758499 -0.315362560000000
  259 24.918590464753688 -0.318882080000000
  260 25.014801238748877 -0.326305600000000
  261 25.111012012744066 -0.337755680000000
  262 25.207222786739251 -0.349049120000000
  263 25.303433560734440 -0.358444960000000
  264 25.399644334729629 -0.365235360000000
  265 25.495855108724818 -0.368649440000000
  266 25.592065882720004 -0.369991200000000
  267 25.688276656715193 -0.370620320000000
  268 25.784487430710382 -0.370515040000000
  269 25.880698204705567 -0.369737120000000
  270 25.976908978700756 -0.367873600000000
  271 26.073119752695945 -0.363170080000000
  272 26.169330526691134 -0.355177120000000
  273 26.265541300686319 -0.344932640000000
  274 26.361752074681508 -0.333076160000000
  275 26.457962848676697 -0.322746080000000
  276 26.554173622671886 -0.317305760000000
  277 26.650384396667071 -0.314484000000000
  278 26.746595170662260 -0.312072800000000
  279 26.842805944657449 -0.310638240000001
  280 26.939016718652635 -0.310698880000000
  281 27.035227492647824 -0.312230080000000
  282 27.131438266643013 -0.314662880000000
  283 27.227649040638202 -0.317592320000000
  284 27.323859814633387 -0.323488640000000
  285 27.420070588628576 -0.334214080000000
  286 27.516281362623765 -0.346043840000000
  287 27.612492136618954 -0.356183360000000
  288 27.708702910614139 -0.363982720000000
  289 27.804913684609328 -0.368431200000000
  290 27.901124458604517 -0.370190560000000
  291 27.997335232599703 -0.370974240000000
  292 28.093546006594892 -0.371058080000000
  293 28.189756780590081 -0.370395200000000
  294 28.285967554585270 -0.368933280000000
  295 28.382178328580455 -0.365160960000000
  296 28.478389102575644 -0.357958240000000
  297 28.574599876570833 -0.348231360000000
  298 28.670810650566022 -0.336636640000000
  299 28.767021424561207 -0.325309120000000
  300 28.863232198556396 -0.318410560000000
  301 28.959442972551585 -0.315172000000001
  302 29.055653746546771 -0.312686240000000
  303 29.151864520541960 -0.310891200000000
  304 29.248075294537148 -0.310525280000000
  305 29.344286068532337 -0.311675520000000
  306 29.440496842527523 -0.313979360000000
  307 29.536707616522712 -0.316642880000000
  308 29.632918390517901 -0.321266080000000
  309 29.729129164513090 -0.330728000000000
  310 29.825339938508275 -0.342645120000000
  311 29.921550712503464 -0.353288640000000
  312 30.017761486498653 -0.361809920000000
  313 30.113972260493838 -0.367212480000000
  314 30.210183034489027 -0.369496960000000
  315 30.306393808484216 -0.370400640000000
  316 30.402604582479405 -0.370668800000000
  317 30.498815356474591 -0.370161760000000
  318 30.595026130469780 -0.369016000000000
  319 30.691236904464969 -0.366179680000000
  320 30.787447678460154 -0.360054880000000
  321 30.883658452455343 -0.351083680000000
  322 30.979869226450532 -0.340136320000000
  323 31.076080000445721 -0.328400640000000
  324 31.172290774440906 -0.319945120000000
  325 31.268501548436095 -0.315924800000000
  326 31.364712322431284 -0.313259360000000
  327 31.460923096426473 -0.310971200000000
  328 31.557133870421659 -0.309906400000000
  329 31.653344644416848 -0.310306720000000
  330 31.749555418412037 -0.311993279999999
  331 31.845766192407222 -0.314111200000000
  332 31.941976966402411 -0.317364960000000
  333 32.038187740397596 -0.324969760000000
  334 32.134398514392785 -0.336476960000000
  335 32.230609288387974 -0.347615520000000
  336 32.326820062383163 -0.356885280000000
  337 32.423030836378352 -0.363531680000000
  338 32.519241610373541 -0.366972320000000
  339 32.615452384368730 -0.368742400000000
  340 32.711663158363919 -0.370070080000000
  341 32.807873932359101 -0.370837280000000
  342 32.904084706354290 -0.371090880000000
  343 33.000295480349479 -0.370157280000000
  344 33.096506254344668 -0.366199360000000
  345 33.192717028339857 -0.358724319999999
  346 33.288927802335046 -0.348101760000000
  347 33.385138576330235 -0.334203040000000
  348 33.481349350325416 -0.320286560000000
  349 33.577560124320605 -0.309951360000000
  350 33.673770898315794 -0.300998720000000
  351 33.769981672310983 -0.290330400000000
  352 33.866192446306172 -0.277683040000000
  353 33.962403220301361 -0.263741600000000
  354 34.058613994296550 -0.248715200000000
  355 34.154824768291732 -0.233004640000000
  356 34.251035542286921 -0.216990400000000
  357 34.347246316282110 -0.200962400000000
  358 34.443457090277299 -0.185197440000000
  359 34.539667864272488 -0.169984800000000
  360 34.635878638267677 -0.155628160000000
  361 34.732089412262866 -0.142446880000000
  362 34.828300186258055 -0.130669280000000
  363 34.924510960253237 -0.120383840000000
  364 35.020721734248426 -0.111551040000000
  365 35.116932508243615 -0.103962752000000
  366 35.213143282238804 -0.097279184000000
  367 35.309354056233992 -0.091179984000000
  368 35.405564830229181 -0.085519264000000
  369 35.501775604224370 -0.080387232000000
  370 35.597986378219552 -0.076007472000000
  371 35.694197152214741 -0.072359072000000
  372 35.790407926209930 -0.068904656000000
  373 35.886618700205119 -0.065031168000000
  374 35.982829474200308 -0.062323136000000
  375 36.079040248195497 -0.061260688000000
  376 36.175251022190686 -0.058209200000000
  377 36.271461796185868 -0.053418256000000
  378 36.367672570181057 -0.047477472000000
  379 36.463883344176246 -0.041989456000000
  380 36.560094118171435 -0.039800240000000
  381 36.656304892166624 -0.038957984000000
  382 36.752515666161813 -0.037575296000000
  383 36.848726440157002 -0.035770800000000
  384 36.944937214152191 -0.033706592000000
  385 37.041147988147372 -0.031499568000000
  386 37.137358762142561 -0.029223664000000
  387 37.233569536137750 -0.026933760000000
  388 37.329780310132939 -0.024696416000000
  389 37.425991084128128 -0.022597888000000
  390 37.522201858123317 -0.020708384000000
  391 37.618412632118506 -0.018988336000000
  392 37.714623406113688 -0.017341104000000
  393 37.810834180108877 -0.015986400000000
  394 37.907044954104066 -0.015099696000000
  395 38.003255728099255 -0.014367280000000
  396 38.099466502094444 -0.013302022400000
  397 38.195677276089633 -0.012396684800000
  398 38.291888050084822 -0.011910153600000
  399 38.388098824080004 -0.011361488000000
  400 38.484309598075193 -0.010655244800000
  401 38.580520372070382 -0.009816620800000
  402 38.676731146065570 -0.009122694400000
  403 38.772941920060759 -0.008549281600000
  404 38.869152694055948 -0.007956510400000
  405 38.965363468051137 -0.007411332800000
  406 39.061574242046319 -0.006917315200000
  407 39.157785016041508 -0.006529483200000
  408 39.253995790036697 -0.006109208000000
  409 39.350206564031886 -0.005800711520000
  410 39.446417338027075 -0.005664169600000
  411 39.542628112022264 -0.005466760000000
  412 39.638838886017453 -0.005280584000000
  413 39.735049660012642 -0.005090062400000
  414 39.831260434007824 -0.004987080000000
  415 39.927471208003013 -0.005091811200000
  416 40.023681981998202 -0.005101233616000
  417 40.119892755993391 -0.005034208320000
  418 40.216103529988580 -0.005019281600000
  419 40.312314303983769 -0.004904841600000
  420 40.408525077978958 -0.004718984000000
  421 40.504735851974139 -0.004484252800000
  422 40.600946625969328 -0.004324246400000
  423 40.697157399964517 -0.004238533136000
  424 40.793368173959706 -0.004194669440000
  425 40.889578947954895 -0.004247901120000
  426 40.985789721950084 -0.004144467520000
  427 41.082000495945273 -0.003775310400000
  428 41.178211269940455 -0.003487756800000
  429 41.274422043935644 -0.003252668800000
  430 41.370632817930833 -0.002987705600000
  431 41.466843591926022 -0.002802712000000
  432 41.563054365921211 -0.002693449280000
  433 41.659265139916400 -0.002642462400000
  434 41.755475913911589 -0.002594186400000
  435 41.851686687906778 -0.002590678080000
  436 41.947897461901960 -0.002617240000000
  437 42.044108235897149 -0.002599676800000
  438 42.140319009892337 -0.002600071520000
  439 42.236529783887526 -0.002617257600000
  440 42.332740557882715 -0.002609633600000
  441 42.428951331877904 -0.002601617600000
  442 42.525162105873093 -0.002584732800000
  443 42.621372879868275 -0.002569528000000
  444 42.717583653863464 -0.002539064000000
  445 42.813794427858653 -0.002497220800000
  446 42.910005201853842 -0.002457952000000
  447 43.006215975849031 -0.002439553600000
  448 43.102426749844220 -0.002442520000000
  449 43.198637523839409 -0.002462512000000
  450 43.294848297834591 -0.002463604800000
  451 43.391059071829780 -0.002384558240000
  452 43.487269845824969 -0.002173952928000
  453 43.583480619820158 -0.002206296096000
  454 43.679691393815347 -0.002288685120000
  455 43.775902167810536 -0.002153715680000
  456 43.872112941805725 -0.002140780800000
  457 43.968323715800913 -0.002148832160000
  458 44.064534489796095 -0.002171756800000
  459 44.160745263791284 -0.002189739200000
  460 44.256956037786473 -0.002262165600000
  461 44.353166811781662 -0.002334866880000
  462 44.449377585776851 -0.002366676960000
  463 44.545588359772040 -0.002363208000000
  464 44.641799133767229 -0.002289876704000
  465 44.738009907762411 -0.002314373920000
  466 44.834220681757600 -0.002242456000000
  467 44.930431455752789 -0.002021620800000
  468 45.026642229747978 -0.001839057600000
  469 45.122853003743167 -0.001576637600000
  470 45.219063777738356 -0.001261154560000
  471 45.315274551733545 -0.000892726080000
  472 45.411485325728727 -0.000471193884800
  473 45.507696099723915 -0.000078118841600
  474 45.603906873719104  0.000207293024000
  475 45.700117647714293  0.000339845760000
  476 45.796328421709482  0.000351800000000
  477 45.892539195704671  0.000353700000000
  478 45.988749969699860  0.000355600000000
  479 46.084960743695049  0.000357500000000
  480 46.181171517690231  0.000359400000000
  481 46.277382291685420  0.000361400000000
  482 46.373593065680609  0.000363300000000
  483 46.469803839675798  0.000365200000000
  484 46.566014613670987  0.000367100000000
  485 46.662225387666176  0.000369000000000
  486 46.758436161661365  0.000370900000000
  487 46.854646935656547  0.000372800000000
  488 46.950857709651736  0.000374700000000
  489 47.047068483646925  0.000376600000000
  490 47.143279257642114  0.000378500000000
  491 47.239490031637303  0.000380400000000
  492 47.335700805632491  0.000382300000000
  493 47.431911579627680  0.000384200000000
  494 47.528122353622862  0.000386100000000
  495 47.624333127618051  0.000388100000000
  496 47.720543901613240  0.000390000000000
  497 47.816754675608429  0.000391900000000
  498 47.912965449603618  0.000393800000000
  499 48.009176223598807  0.000395700000000
  500 48.105386997593996  0.000397600000000
  501 48.201597771589185  0.000399500000000
  502 48.297808545584367  0.000401400000000
  503 48.394019319579556  0.000403300000000
  504 48.490230093574745  0.000405200000000
  505 48.586440867569934  0.000407100000000
  506 48.682651641565123  0.000409000000000
  507 48.778862415560312  0.000410900000000
  508 48.875073189555501  0.000412900000000
  509 48.971283963550682  0.000414800000000
  510 49.067494737545871  0.000416700000000
  511 49.163705511541060  0.000418600000000
  512 49.259916285536249  0.000420500000000
  513 49.356127059531438  0.000422400000000
  514 49.452337833526627  0.000424300000000
  515 49.548548607521816  0.000426200000000
  516 49.644759381516998  0.000428100000000
  517 49.740970155512187  0.000430000000000
  518 49.837180929507376  0.000431900000000
  519 49.933391703502565  0.000433800000000
  520 50.029602477497754  0.000435700000000
  521 50.125813251492943  0.000437600000000
  522 50.222024025488132  0.000439600000000
  523 50.318234799483314  0.000441500000000
  524 50.414445573478503  0.000443400000000
  525 50.510656347473692  0.000445300000000
  526 50.606867121468881  0.000447200000000
  527 50.703077895464070  0.000449100000000
  528 50.799288669459258  0.000451000000000
  529 50.895499443454447  0.000452900000000
  530 50.991710217449636  0.000454800000000
  531 51.087920991444818  0.000456700000000
  532 51.184131765440007  0.000458600000000
  533 51.280342539435196  0.000460500000000
  534 51.376553313430385  0.000462400000000
  535 51.472764087425574  0.000464300000000
  536 51.568974861420763  0.000466300000000
  537 51.665185635415952  0.000468200000000
  538 51.761396409411134  0.000470100000000
  539 51.857607183406323  0.000472000000000
  540 51.953817957401512  0.000473900000000
  541 52.050028731396701  0.000475800000000
  542 52.146239505391890  0.000477700000000
  543 52.242450279387079  0.000479600000000
  544 52.338661053382268  0.000481500000000
  545 52.434871827377449  0.000483400000000
  546 52.531082601372638  0.000485300000000
  547 52.627293375367827  0.000487200000000
  548 52.723504149363016  0.000489100000000
  549 52.819714923358205  0.000491000000000
  550 52.915925697353394  0.000493000000000
  551 53.012136471348583  0.000494900000000
  552 53.108347245343772  0.000496800000000
  553 53.204558019338954  0.000498700000000
  554 53.300768793334143  0.000500600000000
  555 53.396979567329332  0.000502500000000
  556 53.493190341324521  0.000504400000000
  557 53.589401115319710  0.000506300000000
  558 53.685611889314899  0.000508200000000
  559 53.781822663310088  0.000510100000000
  560 53.878033437305270  0.000512000000000
  561 53.974244211300459  0.000513900000000
  562 54.070454985295648  0.000515800000000
  563 54.166665759290836  0.000517800000000
  564 54.262876533286025  0.000519700000000
  565 54.359087307281214  0.000521600000000
  566 54.455298081276403  0.000523500000000
  567 54.551508855271585  0.000525400000000
  568 54.647719629266774  0.000527300000000
  569 54.743930403261963  0.000529200000000
  570 54.840141177257152  0.000531100000000
  571 54.936351951252341  0.000533000000000
  572 55.032562725247530  0.000534900000000
  573 55.128773499242719  0.000536800000000
  574 55.224984273237908  0.000538700000000
  575 55.321195047233090  0.000540600000000
  576 55.417405821228279  0.000542500000000
  577 55.513616595223468  0.000544500000000
  578 55.609827369218657  0.000546400000000
  579 55.706038143213846  0.000548300000000
  580 55.802248917209035  0.000550200000000
  581 55.898459691204224  0.000552100000000
  582 55.994670465199405  0.000554000000000
  583 56.090881239194594  0.000555900000000
  584 56.187092013189783  0.000557800000000
  585 56.283302787184972  0.000559700000000
  586 56.379513561180161  0.000561600000000
  587 56.475724335175350  0.000563500000000
  588 56.571935109170539  0.000565400000000
  589 56.668145883165721  0.000567300000000
  590 56.764356657160910  0.000569300000000
  591 56.860567431156099  0.000571200000000
  592 56.956778205151288  0.000573100000000
  593 57.052988979146477  0.000575000000000
  594 57.149199753141666  0.000576900000000
  595 57.245410527136855  0.000578800000000
  596 57.341621301132044  0.000580700000000
  597 57.437832075127226  0.000582600000000
  598 57.534042849122415  0.000584500000000
  599 57.630253623117603  0.000586400000000
  600 57.726464397112792  0.000588300000000
  601 57.822675171107981  0.000590200000000
  602 57.918885945103170  0.000592100000000
  603 58.015096719098359  0.000594000000000
  604 58.111307493093541  0.000596000000000
  605 58.207518267088730  0.000597900000000
  606 58.303729041083919  0.000599800000000
  607 58.399939815079108  0.000601700000000
  608 58.496150589074297  0.000603600000000
  609 58.592361363069486  0.000605500000000
  610 58.688572137064675  0.000607400000000
  611 58.784782911059857  0.000609300000000
  612 58.880993685055046  0.000611200000000
  613 58.977204459050235  0.000613100000000
  614 59.073415233045424  0.000615000000000
  615 59.169626007040613  0.000616900000000
  616 59.265836781035802  0.000618800000000
  617 59.362047555030991  0.000620700000000
  618 59.458258329026179  0.000622700000000
  619 59.554469103021361  0.000624600000000
  620 59.650679877016550  0.000626500000000
  621 59.746890651011739  0.000628400000000
  622 59.843101425006928  0.000630300000000
  623 59.939312199002117  0.000632200000000
  624 60.035522972997306  0.000634100000000
  625 60.131733746992495  0.000636000000000
  626 60.227944520987677  0.000637900000000
  627 60.324155294982866  0.000639800000000
  628 60.420366068978055  0.000641700000000
  629 60.516576842973244  0.000643600000000
  630 60.612787616968433  0.000645500000000
  631 60.708998390963622  0.000647400000000
  632 60.805209164958811  0.000649400000000
  633 60.901419938953993  0.000651300000000
  634 60.997630712949181  0.000653200000000
  635 61.093841486944370  0.000655100000000
  636 61.190052260939559  0.000657000000000
  637 61.286263034934748  0.000658900000000
  638 61.382473808929937  0.000660800000000
  639 61.478684582925126  0.000662700000000
  640 61.574895356920308  0.000664600000000
  641 61.671106130915497  0.000666500000000
  642 61.767316904910686  0.000668400000000
  643 61.863527678905875  0.000670300000000
  644 61.959738452901064  0.000672200000000
  645 62.055949226896253  0.000674200000000
  646 62.152160000891442  0.000676100000000
  647 62.248370774886631  0.000678000000000
  648 62.344581548881813  0.000679900000000
  649 62.440792322877002  0.000681800000000
  650 62.537003096872191  0.000683700000000
  651 62.633213870867380  0.000685600000000
  652 62.729424644862569  0.000687500000000
  653 62.825635418857757  0.000689400000000
  654 62.921846192852946  0.000691300000000
  655 63.018056966848128  0.000693200000000
  656 63.114267740843317  0.000695100000000
  657 63.210478514838506  0.000697000000000
  658 63.306689288833695  0.000698900000000
  659 63.402900062828884  0.000700900000000
  660 63.499110836824073  0.000702800000000
  661 63.595321610819262  0.000704700000000
  662 63.691532384814444  0.000706600000000
  663 63.787743158809633  0.000708500000000
  664 63.883953932804822  0.000710400000000
  665 63.980164706800011  0.000712300000000
  666 64.076375480795193  0.000714200000000
  667 64.172586254790389  0.000716100000000
  668 64.268797028785571  0.000718000000000
  669 64.365007802780767  0.000719900000000
  670 64.461218576775948  0.000721800000000
  671 64.557429350771145  0.000723700000000
  672 64.653640124766326  0.000725700000000
  673 64.749850898761508  0.000727600000000
  674 64.846061672756704  0.000729500000000
  675 64.942272446751886  0.000731400000000
  676 65.038483220747082  0.000733300000000
  677 65.134693994742264  0.000735200000000
  678 65.230904768737460  0.000737100000000
  679 65.327115542732642  0.000739000000000
  680 65.423326316727838  0.000740900000000
  681 65.519537090723020  0.000742800000000
  682 65.615747864718202  0.000744700000000
  683 65.711958638713398  0.000746600000000
  684 65.808169412708580  0.000748500000000
  685 65.904380186703776  0.000750400000000
  686 66.000590960698958  0.000752400000000
  687 66.096801734694154  0.000754300000000
  688 66.193012508689336  0.000756200000000
  689 66.289223282684517  0.000758100000000
  690 66.385434056679713  0.000760000000000
  691 66.481644830674895  0.000761900000000
  692 66.577855604670091  0.000763800000000
  693 66.674066378665273  0.000765700000000
  694 66.770277152660469  0.000767600000000
  695 66.866487926655651  0.000769500000000
  696 66.962698700650833  0.000771400000000
  697 67.058909474646029  0.000773300000000
  698 67.155120248641211  0.000775200000000
  699 67.251331022636407  0.000777100000000
  700 67.347541796631589  0.000779100000000
  701 67.443752570626785  0.000781000000000
  702 67.539963344621967  0.000782900000000
  703 67.636174118617149  0.000784800000000
  704 67.732384892612345  0.000786700000000
  705 67.828595666607526  0.000788600000000
  706 67.924806440602723  0.000790500000000
  707 68.021017214597904  0.000792400000000
  708 68.117227988593100  0.000794300000000
  709 68.213438762588282  0.000796200000000
  710 68.309649536583464  0.000798100000000
  711 68.405860310578660  0.000800000000000
  712 68.502071084573842  0.000801900000000
  713 68.598281858569038  0.000803800000000
  714 68.694492632564220  0.000805800000000
  715 68.790703406559416  0.000807700000000
  716 68.886914180554598  0.000809600000000
  717 68.983124954549780  0.000811500000000
  718 69.079335728544976  0.000813400000000
  719 69.175546502540158  0.000815300000000
  720 69.271757276535354  0.000817200000000
  721 69.367968050530536  0.000819100000000
  722 69.464178824525732  0.000821100000000
  723 69.560389598520914  0.000822800000000
  724 69.656600372516110  0.000825300000000
  725 69.752811146511291  0.000823200000000
  726 69.849021920506473  0.000803000000000
  727 69.945232694501669  0.000765100000000
  728 70.041443468496851  0.000717200000000
