    0  0.000000000000000  0.000614900000000
    1  0.096210773995188  0.000554400000000
    2  0.192421547990376  0.000505200000000
    3  0.288632321985564  0.000477000000000
    4  0.384843095980752  0.000470500000000
    5  0.481053869975940  0.000469400000000
    6  0.577264643971128  0.000467400000000
    7  0.673475417966316  0.000465700000000
    8  0.769686191961504  0.000463900000000
    9  0.865896965956692  0.000462100000000
   10  0.962107739951880  0.000460300000000
   11  1.058318513947068  0.000458600000000
   12  1.154529287942256  0.000456800000000
   13  1.250740061937444  0.000455000000000
   14  1.346950835932632  0.000453200000000
   15  1.443161609927820  0.000451400000000
   16  1.539372383923008  0.000449600000000
   17  1.635583157918196  0.000447800000000
   18  1.731793931913384  0.000446000000000
   19  1.828004705908572  0.000444300000000
   20  1.924215479903760  0.000442500000000
   21  2.020426253898948  0.000440700000000
   22  2.116637027894136  0.000438900000000
   23  2.212847801889324  0.000437100000000
   24  2.309058575884512  0.000435300000000
   25  2.405269349879700  0.000433600000000
   26  2.501480123874888  0.000431800000000
   27  2.597690897870076  0.000430000000000
   28  2.693901671865264  0.000428200000000
   29  2.790112445860452  0.000426400000000
   30  2.886323219855639  0.000424600000000
   31  2.982533993850828  0.000422800000000
   32  3.078744767846016  0.000421100000000
   33  3.174955541841204  0.000419300000000
   34  3.271166315836392  0.000417500000000
   35  3.367377089831579  0.000415700000000
   36  3.463587863826767  0.000413900000000
   37  3.559798637821955  0.000412100000000
   38  3.656009411817144  0.000410300000000
   39  3.752220185812332  0.000408600000000
   40  3.848430959807519  0.000406800000000
   41  3.944641733802707  0.000405000000000
   42  4.040852507797895  0.000403200000000
   43  4.137063281793083  0.000401400000000
   44  4.233274055788272  0.000399600000000
   45  4.329484829783460  0.000397800000000
   46  4.425695603778648  0.000396100000000
   47  4.521906377773836  0.000394300000000
   48  4.618117151769024  0.000392500000000
   49  4.714327925764211  0.000390700000000
   50  4.810538699759399  0.000388900000000
   51  4.906749473754587  0.000387100000000
   52  5.002960247749775  0.000385400000000
   53  5.099171021744963  0.000383600000000
   54  5.195381795740151  0.000381800000000
   55  5.291592569735339  0.000380000000000
   56  5.387803343730527  0.000378200000000
   57  5.484014117725716  0.000376400000000
   58  5.580224891720904  0.000374600000000
   59  5.676435665716091  0.000372900000000
   60  5.772646439711279  0.000371100000000
   61  5.868857213706467  0.000369300000000
   62  5.965067987701655  0.000367500000000
   63  6.061278761696843  0.000365700000000
   64  6.157489535692031  0.000363900000000
   65  6.253700309687219  0.000362100000000
   66  6.349911083682407  0.000360400000000
   67  6.446121857677595  0.000358600000000
   68  6.542332631672783  0.000356800000000
   69  6.638543405667972  0.000355000000000
   70  6.734754179663159  0.000353200000000
   71  6.830964953658347  0.000351400000000
   72  6.927175727653535  0.000349600000000
   73  7.023386501648723  0.000347900000000
   74  7.119597275643911  0.000346100000000
   75  7.215808049639099  0.000344300000000
   76  7.312018823634287  0.000342500000000
   77  7.408229597629475  0.000340700000000
   78  7.504440371624663  0.000338900000000
   79  7.600651145619851  0.000337100000000
   80  7.696861919615039  0.000335400000000
   81  7.793072693610227  0.000333600000000
   82  7.889283467605415  0.000331800000000
   83  7.985494241600603  0.000330000000000
   84  8.081705015595791  0.000328200000000
   85  8.177915789590980  0.000326400000000
   86  8.274126563586167  0.000324600000000
   87  8.370337337581354  0.000322900000000
   88  8.466548111576543  0.000321100000000
   89  8.562758885571730  0.000319300000000
   90  8.658969659566919  0.000317500000000
   91  8.755180433562106  0.000315700000000
   92  8.851391207557295  0.000313900000000
   93  8.947601981552483  0.000312200000000
   94  9.043812755547672  0.000310400000000
   95  9.140023529542859  0.000308600000000
   96  9.236234303538048  0.000306800000000
   97  9.332445077533235  0.000305000000000
   98  9.428655851528422  0.000303200000000
   99  9.524866625523611  0.000301400000000
  100  9.621077399518798  0.000299700000000
  101  9.717288173513987  0.000297900000000
  102  9.813498947509174  0.000296100000000
  103  9.909709721504363  0.000294300000000
  104 10.005920495499550  0.000292500000000
  105 10.102131269494739  0.000290700000000
  106 10.198342043489927  0.000288900000000
  107 10.294552817485114  0.000287200000000
  108 10.390763591480303  0.000275056960000
  109 10.486974365475490  0.000138081952000
  110 10.583185139470679 -0.000234241488000
  111 10.679395913465866 -0.000764443264000
  112 10.775606687461055 -0.001371663792000
  113 10.871817461456242 -0.001916111520000
  114 10.968028235451431 -0.002390800000000
  115 11.064239009446618 -0.002801502400000
  116 11.160449783441807 -0.002889627552000
  117 11.256660557436994 -0.003406834080000
  118 11.352871331432182 -0.003874858201600
  119 11.449082105427371 -0.003730684912000
  120 11.545292879422558 -0.003784595680000
  121 11.641503653417747 -0.004038497600000
  122 11.737714427412934 -0.003924769600000
  123 11.833925201408123 -0.003737344000000
  124 11.930135975403310 -0.003785913600000
  125 12.026346749398499 -0.003728721760000
  126 12.122557523393686 -0.003758924320000
  127 12.218768297388875 -0.003761649600000
  128 12.314979071384062 -0.003781513280000
  129 12.411189845379250 -0.003874051040000
  130 12.507400619374438 -0.004122498080000
  131 12.603611393369626 -0.004386209600000
  132 12.699822167364815 -0.004527110080000
  133 12.796032941360002 -0.004741956800000
  134 12.892243715355191 -0.004744436800000
  135 12.988454489350378 -0.004605308800000
  136 13.084665263345567 -0.004547203520000
  137 13.180876037340754 -0.004625036800000
  138 13.277086811335943 -0.004747878400000
  139 13.373297585331130 -0.004924076800000
  140 13.469508359326317 -0.005030744000000
  141 13.565719133321506 -0.005158625600000
  142 13.661929907316694 -0.005128957600000
  143 13.758140681311883 -0.005117278400000
  144 13.854351455307070 -0.005173744000000
  145 13.950562229302259 -0.005087606400000
  146 14.046773003297446 -0.005227481600000
  147 14.142983777292635 -0.005396784000000
  148 14.239194551287822 -0.005552531200000
  149 14.335405325283011 -0.005838868640000
  150 14.431616099278198 -0.006086321600000
  151 14.527826873273385 -0.006346832000000
  152 14.624037647268574 -0.006659521600000
  153 14.720248421263761 -0.006999334400000
  154 14.816459195258950 -0.007463377600000
  155 14.912669969254138 -0.008037843200000
  156 15.008880743249327 -0.008622712000000
  157 15.105091517244514 -0.009235393600000
  158 15.201302291239703 -0.009903203200000
  159 15.297513065234890 -0.010688915200000
  160 15.393723839230077 -0.011415600000000
  161 15.489934613225266 -0.012002076800000
  162 15.586145387220453 -0.012576227200000
  163 15.682356161215642 -0.013455008000000
  164 15.778566935210829 -0.014442192000000
  165 15.874777709206018 -0.015239664000000
  166 15.970988483201205 -0.016174512000000
  167 16.067199257196393 -0.017527552000000
  168 16.163410031191582 -0.019192864000000
  169 16.259620805186771 -0.020939504000000
  170 16.355831579181960 -0.022841520000000
  171 16.452042353177145 -0.024952384000000
  172 16.548253127172334 -0.027199600000000
  173 16.644463901167523 -0.029490384000000
  174 16.740674675162708 -0.031755888000000
  175 16.836885449157897 -0.033941136000000
  176 16.933096223153086 -0.035971584000000
  177 17.029306997148275 -0.037730480000000
  178 17.125517771143461 -0.039061744000000
  179 17.221728545138649 -0.039884688000000
  180 17.317939319133838 -0.042405008000000
  181 17.414150093129027 -0.048108352000000
  182 17.510360867124213 -0.053909328000000
  183 17.606571641119402 -0.058666064000000
  184 17.702782415114591 -0.061445552000000
  185 17.798993189109776 -0.062496496000000
  186 17.895203963104965 -0.065439472000000
  187 17.991414737100154 -0.069282880000000
  188 18.087625511095343 -0.072718336000000
  189 18.183836285090528 -0.076417568000000
  190 18.280047059085717 -0.080869632000000
  191 18.376257833080906 -0.086063344000000
  192 18.472468607076095 -0.091771280000000
  193 18.568679381071281 -0.097922624000000
  194 18.664890155066470 -0.104684928000000
  195 18.761100929061659 -0.112381760000000
  196 18.857311703056844 -0.121355040000000
  197 18.953522477052033 -0.131784800000000
  198 19.049733251047222 -0.143711840000000
  199 19.145944025042411 -0.157025920000000
  200 19.242154799037596 -0.171474720000000
  201 19.338365573032785 -0.186758880000000
  202 19.434576347027974 -0.202561920000000
  203 19.530787121023160 -0.218608960000000
  204 19.626997895018349 -0.234601600000000
  205 19.723208669013538 -0.250269760000000
  206 19.819419443008726 -0.265195680000000
  207 19.915630217003912 -0.279019840000000
  208 20.011840990999101 -0.291507680000000
  209 20.108051764994290 -0.301949440000000
  210 20.204262538989479 -0.310860640000000
  211 20.300473312984664 -0.321546880000000
  212 20.396684086979853 -0.335685120000000
  213 20.492894860975042 -0.349328800000000
  214 20.589105634970227 -0.359620320000000
  215 20.685316408965416 -0.366773440000000
  216 20.781527182960605 -0.370372960000000
  217 20.877737956955794 -0.371100640000000
  218 20.973948730950980 -0.370791040000000
  219 21.070159504946169 -0.369963200000000
  220 21.166370278941358 -0.368596000000000
  221 21.262581052936547 -0.366748320000000
  222 21.358791826931732 -0.363031040000000
  223 21.455002600926921 -0.356061440000000
  224 21.551213374922110 -0.346592000000000
  225 21.647424148917295 -0.335295840000000
  226 21.743634922912484 -0.323975040000000
  227 21.839845696907673 -0.316906240000001
  228 21.936056470902862 -0.313900000000000
  229 22.032267244898048 -0.311798720000000
  230 22.128478018893237 -0.310213760000001
  231 22.224688792888426 -0.309958880000000
  232 22.320899566883615 -0.311166240000000
  233 22.417110340878800 -0.313531360000000
  234 22.513321114873989 -0.316234560000000
  235 22.609531888869178 -0.320559200000000
  236 22.705742662864363 -0.329515680000000
  237 22.801953436859552 -0.341320480000000
  238 22.898164210854741 -0.352087200000000
  239 22.994374984849930 -0.360823520000000
  240 23.090585758845116 -0.366605760000000
  241 23.186796532840305 -0.369183520000001
  242 23.283007306835493 -0.370241280000000
  243 23.379218080830682 -0.370683040000000
  244 23.475428854825868 -0.370344160000000
  245 23.571639628821057 -0.369362880000000
  246 23.667850402816246 -0.366840640000000
  247 23.764061176811431 -0.361076800000000
  248 23.860271950806620 -0.352316480000000
  249 23.956482724801809 -0.341481120000000
  250 24.052693498796998 -0.329589760000000
  251 24.148904272792183 -0.320612640000000
  252 24.245115046787372 -0.316342240000000
  253 24.341325820782561 -0.313737760000000
  254 24.437536594777750 -0.311501920000000
  255 24.533747368772936 -0.310500800000000
  256 24.629958142768125 -0.311016480000000
  257 24.726168916763314 -0.312931520000000
  258 24.822379690758499 -0.315433440000000
  259 24.918590464753688 -0.318881920000000
  260 25.014801238748877 -0.326301600000000
  261 25.111012012744066 -0.337856640000000
  262 25.207222786739251 -0.349299040000000
  263 25.303433560734440 -0.358821280000000
  264 25.399644334729629 -0.365702560000000
  265 25.495855108724818 -0.369159200000000
  266 25.592065882720004 -0.370505280000000
  267 25.688276656715193 -0.371110080000000
  268 25.784487430710382 -0.370941120000000
  269 25.880698204705567 -0.370092320000000
  270 25.976908978700756 -0.368144800000000
  271 26.073119752695945 -0.363356320000000
  272 26.169330526691134 -0.355269280000000
  273 26.265541300686319 -0.344935359999999
  274 26.361752074681508 -0.333026400000000
  275 26.457962848676697 -0.322675360000000
  276 26.554173622671886 -0.317238880000000
  277 26.650384396667071 -0.314424320000000
  278 26.746595170662260 -0.312030400000001
  279 26.842805944657449 -0.310633280000000
  280 26.939016718652635 -0.310726720000000
  281 27.035227492647824 -0.312294880000000
  282 27.131438266643013 -0.314742240000000
  283 27.227649040638202 -0.317676960000000
  284 27.323859814633387 -0.323575680000000
  285 27.420070588628576 -0.334277920000000
  286 27.516281362623765 -0.346045120000000
  287 27.612492136618954 -0.356098240000000
  288 27.708702910614139 -0.363809920000000
  289 27.804913684609328 -0.368167520000000
  290 27.901124458604517 -0.369840640000000
  291 27.997335232599703 -0.370558240000000
  292 28.093546006594892 -0.370587680000000
  293 28.189756780590081 -0.369902080000000
  294 28.285967554585270 -0.368446080000000
  295 28.382178328580455 -0.364721280000000
  296 28.478389102575644 -0.357609120000000
  297 28.574599876570833 -0.348010560000000
  298 28.670810650566022 -0.336568000000000
  299 28.767021424561207 -0.325333600000000
  300 28.863232198556396 -0.318421120000000
  301 28.959442972551585 -0.315103520000000
  302 29.055653746546771 -0.312501600000000
  303 29.151864520541960 -0.310511680000000
  304 29.248075294537148 -0.309883520000000
  305 29.344286068532337 -0.310709599999999
  306 29.440496842527523 -0.312631040000000
  307 29.536707616522712 -0.314858560000000
  308 29.632918390517901 -0.319065120000001
  309 29.729129164513090 -0.328235360000000
  310 29.825339938508275 -0.340002560000000
  311 29.921550712503464 -0.350614880000000
  312 30.017761486498653 -0.359229760000000
  313 30.113972260493838 -0.364874240000000
  314 30.210183034489027 -0.367602080000000
  315 30.306393808484216 -0.369188000000000
  316 30.402604582479405 -0.370377920000000
  317 30.498815356474591 -0.370977440000000
  318 30.595026130469780 -0.371020480000001
  319 30.691236904464969 -0.369369119999999
  320 30.787447678460154 -0.364300160000000
  321 30.883658452455343 -0.355901120000000
  322 30.979869226450532 -0.344222720000000
  323 31.076080000445721 -0.329801280000000
  324 31.172290774440906 -0.316792640000000
  325 31.268501548436095 -0.307316480000000
  326 31.364712322431284 -0.298055840000000
  327 31.460923096426473 -0.286707360000000
  328 31.557133870421659 -0.273631680000000
  329 31.653344644416848 -0.259343520000000
  330 31.749555418412037 -0.244064160000000
  331 31.845766192407222 -0.228220000000000
  332 31.941976966402411 -0.212177760000000
  333 32.038187740397596 -0.196195200000000
  334 32.134398514392785 -0.180565920000000
  335 32.230609288387974 -0.165576640000000
  336 32.326820062383163 -0.151542400000000
  337 32.423030836378352 -0.138763520000000
  338 32.519241610373541 -0.127430240000000
  339 32.615452384368730 -0.117594880000000
  340 32.711663158363919 -0.109164480000000
  341 32.807873932359101 -0.101889072000000
  342 32.904084706354290 -0.095402528000000
  343 33.000295480349479 -0.089438496000000
  344 33.096506254344668 -0.083914384000000
  345 33.192717028339857 -0.078992128000000
  346 33.288927802335046 -0.074862368000000
  347 33.385138576330235 -0.071355584000000
  348 33.481349350325416 -0.067799408000000
  349 33.577560124320605 -0.063987568000000
  350 33.673770898315794 -0.062018352000000
  351 33.769981672310983 -0.060656704000000
  352 33.866192446306172 -0.056891568000000
  353 33.962403220301361 -0.051831024000000
  354 34.058613994296550 -0.045532560000000
  355 34.154824768291732 -0.040938416000000
  356 34.251035542286921 -0.039582704000000
  357 34.347246316282110 -0.038592496000000
  358 34.443457090277299 -0.037070416000000
  359 34.539667864272488 -0.035185680000000
  360 34.635878638267677 -0.033082240000000
  361 34.732089412262866 -0.030857184000000
  362 34.828300186258055 -0.028575008000000
  363 34.924510960253237 -0.026291552000000
  364 35.020721734248426 -0.024087552000000
  365 35.116932508243615 -0.022055536000000
  366 35.213143282238804 -0.020232864000000
  367 35.309354056233992 -0.018509264000000
  368 35.405564830229181 -0.016936688000000
  369 35.501775604224370 -0.015759792000000
  370 35.597986378219552 -0.014934928000000
  371 35.694197152214741 -0.014066672000000
  372 35.790407926209930 -0.013067424000000
  373 35.886618700205119 -0.012323016000000
  374 35.982829474200308 -0.011784240000000
  375 36.079040248195497 -0.011151568000000
  376 36.175251022190686 -0.010360473600000
  377 36.271461796185868 -0.009624889600000
  378 36.367672570181057 -0.008995836800000
  379 36.463883344176246 -0.008381020800000
  380 36.560094118171435 -0.007781459200000
  381 36.656304892166624 -0.007272939200000
  382 36.752515666161813 -0.006876772800000
  383 36.848726440157002 -0.006527635200000
  384 36.944937214152191 -0.006243638400000
  385 37.041147988147372 -0.005964604800000
  386 37.137358762142561 -0.005736699200000
  387 37.233569536137750 -0.005527084800000
  388 37.329780310132939 -0.005301147200000
  389 37.425991084128128 -0.005154547200000
  390 37.522201858123317 -0.005127541440000
  391 37.618412632118506 -0.005103258976000
  392 37.714623406113688 -0.005168334560000
  393 37.810834180108877 -0.005172760000000
  394 37.907044954104066 -0.005067340160000
  395 38.003255728099255 -0.005009900800000
  396 38.099466502094444 -0.004859225600000
  397 38.195677276089633 -0.004684192000000
  398 38.291888050084822 -0.004562777600000
  399 38.388098824080004 -0.004575731200000
  400 38.484309598075193 -0.004694536000000
  401 38.580520372070382 -0.004770950400000
  402 38.676731146065570 -0.004669435200000
  403 38.772941920060759 -0.004422248000000
  404 38.869152694055948 -0.004261947200000
  405 38.965363468051137 -0.004091747200000
  406 39.061574242046319 -0.003864882880000
  407 39.157785016041508 -0.003747515840000
  408 39.253995790036697 -0.003746572528000
  409 39.350206564031886 -0.003770052800000
  410 39.446417338027075 -0.003748897600000
  411 39.542628112022264 -0.003764061376000
  412 39.638838886017453 -0.003821389760000
  413 39.735049660012642 -0.003895497676640
  414 39.831260434007824 -0.003936565760000
  415 39.927471208003013 -0.003809627200000
  416 40.023681981998202 -0.003490465600000
  417 40.119892755993391 -0.003564764000000
  418 40.216103529988580 -0.003539043520000
  419 40.312314303983769 -0.002996643200000
  420 40.408525077978958 -0.002648483200000
  421 40.504735851974139 -0.002210539200000
  422 40.600946625969328 -0.001710353760000
  423 40.697157399964517 -0.001133001558240
  424 40.793368173959706 -0.000539176284640
  425 40.889578947954895 -0.000065456912000
  426 40.985789721950084  0.000222422403200
  427 41.082000495945273  0.000281511360000
  428 41.178211269940455  0.000285900000000
  429 41.274422043935644  0.000287700000000
  430 41.370632817930833  0.000289500000000
  431 41.466843591926022  0.000291300000000
  432 41.563054365921211  0.000293100000000
  433 41.659265139916400  0.000294900000000
  434 41.755475913911589  0.000296600000000
  435 41.851686687906778  0.000298400000000
  436 41.947897461901960  0.000300200000000
  437 42.044108235897149  0.000302000000000
  438 42.140319009892337  0.000303800000000
  439 42.236529783887526  0.000305600000000
  440 42.332740557882715  0.000307400000000
  441 42.428951331877904  0.000309100000000
  442 42.525162105873093  0.000310900000000
  443 42.621372879868275  0.000312700000000
  444 42.717583653863464  0.000314500000000
  445 42.813794427858653  0.000316300000000
  446 42.910005201853842  0.000318100000000
  447 43.006215975849031  0.000319800000000
  448 43.102426749844220  0.000321600000000
  449 43.198637523839409  0.000323400000000
  450 43.294848297834591  0.000325200000000
  451 43.391059071829780  0.000327000000000
  452 43.487269845824969  0.000328800000000
  453 43.583480619820158  0.000330600000000
  454 43.679691393815347  0.000332300000000
  455 43.775902167810536  0.000334100000000
  456 43.872112941805725  0.000335900000000
  457 43.968323715800913  0.000337700000000
  458 44.064534489796095  0.000339500000000
  459 44.160745263791284  0.000341300000000
  460 44.256956037786473  0.000343100000000
  461 44.353166811781662  0.000344800000000
  462 44.449377585776851  0.000346600000000
  463 44.545588359772040  0.000348400000000
  464 44.641799133767229  0.000350200000000
  465 44.738009907762411  0.000352000000000
  466 44.834220681757600  0.000353800000000
  467 44.930431455752789  0.000355600000000
  468 45.026642229747978  0.000357300000000
  469 45.122853003743167  0.000359100000000
  470 45.219063777738356  0.000360900000000
  471 45.315274551733545  0.000362700000000
  472 45.411485325728727  0.000364500000000
  473 45.507696099723915  0.000366300000000
  474 45.603906873719104  0.000368000000000
  475 45.700117647714293  0.000369800000000
  476 45.796328421709482  0.000371600000000
  477 45.892539195704671  0.000373400000000
  478 45.988749969699860  0.000375200000000
  479 46.084960743695049  0.000377000000000
  480 46.181171517690231  0.000378800000000
  481 46.277382291685420  0.000380500000000
  482 46.373593065680609  0.000382300000000
  483 46.469803839675798  0.000384100000000
  484 46.566014613670987  0.000385900000000
  485 46.662225387666176  0.000387700000000
  486 46.758436161661365  0.000389500000000
  487 46.854646935656547  0.000391300000000
  488 46.950857709651736  0.000393000000000
  489 47.047068483646925  0.000394800000000
  490 47.143279257642114  0.000396600000000
  491 47.239490031637303  0.000398400000000
  492 47.335700805632491  0.000400200000000
  493 47.431911579627680  0.000402000000000
  494 47.528122353622862  0.000403800000000
  495 47.624333127618051  0.000405500000000
  496 47.720543901613240  0.000407300000000
  497 47.816754675608429  0.000409100000000
  498 47.912965449603618  0.000410900000000
  499 48.009176223598807  0.000412700000000
  500 48.105386997593996  0.000414500000000
  501 48.201597771589185  0.000416200000000
  502 48.297808545584367  0.000418000000000
  503 48.394019319579556  0.000419800000000
  504 48.490230093574745  0.000421600000000
  505 48.586440867569934  0.000423400000000
  506 48.682651641565123  0.000425200000000
  507 48.778862415560312  0.000427000000000
  508 48.875073189555501  0.000428700000000
  509 48.971283963550682  0.000430500000000
  510 49.067494737545871  0.000432300000000
  511 49.163705511541060  0.000434100000000
  512 49.259916285536249  0.000435900000000
  513 49.356127059531438  0.000437700000000
  514 49.452337833526627  0.000439500000000
  515 49.548548607521816  0.000441200000000
  516 49.644759381516998  0.000443000000000
  517 49.740970155512187  0.000444800000000
  518 49.837180929507376  0.000446600000000
  519 49.933391703502565  0.000448400000000
  520 50.029602477497754  0.000450200000000
  521 50.125813251492943  0.000452000000000
  522 50.222024025488132  0.000453700000000
  523 50.318234799483314  0.000455500000000
  524 50.414445573478503  0.000457300000000
  525 50.510656347473692  0.000459100000000
  526 50.606867121468881  0.000460900000000
  527 50.703077895464070  0.000462700000000
  528 50.799288669459258  0.000464400000000
  529 50.895499443454447  0.000466200000000
  530 50.991710217449636  0.000468000000000
  531 51.087920991444818  0.000469800000000
  532 51.184131765440007  0.000471600000000
  533 51.280342539435196  0.000473400000000
  534 51.376553313430385  0.000475200000000
  535 51.472764087425574  0.000476900000000
  536 51.568974861420763  0.000478700000000
  537 51.665185635415952  0.000480500000000
  538 51.761396409411134  0.000482300000000
  539 51.857607183406323  0.000484100000000
  540 51.953817957401512  0.000485900000000
  541 52.050028731396701  0.000487700000000
  542 52.146239505391890  0.000489400000000
  543 52.242450279387079  0.000491200000000
  544 52.338661053382268  0.000493000000000
  545 52.434871827377449  0.000494800000000
  546 52.531082601372638  0.000496600000000
  547 52.627293375367827  0.000498400000000
  548 52.723504149363016  0.000500200000000
  549 52.819714923358205  0.000501900000000
  550 52.915925697353394  0.000503700000000
  551 53.012136471348583  0.000505500000000
  552 53.108347245343772  0.000507300000000
  553 53.204558019338954  0.000509100000000
  554 53.300768793334143  0.000510900000000
  555 53.396979567329332  0.000512600000000
  556 53.493190341324521  0.000514400000000
  557 53.589401115319710  0.000516200000000
  558 53.685611889314899  0.000518000000000
  559 53.781822663310088  0.000519800000000
  560 53.878033437305270  0.000521600000000
  561 53.974244211300459  0.000523400000000
  562 54.070454985295648  0.000525100000000
  563 54.166665759290836  0.000526900000000
  564 54.262876533286025  0.000528700000000
  565 54.359087307281214  0.000530500000000
  566 54.455298081276403  0.000532300000000
  567 54.551508855271585  0.000534100000000
  568 54.647719629266774  0.000535900000000
  569 54.743930403261963  0.000537600000000
  570 54.840141177257152  0.000539400000000
  571 54.936351951252341  0.000541200000000
  572 55.032562725247530  0.000543000000000
  573 55.128773499242719  0.000544800000000
  574 55.224984273237908  0.000546600000000
  575 55.321195047233090  0.000548400000000
  576 55.417405821228279  0.000550100000000
  577 55.513616595223468  0.000551900000000
  578 55.609827369218657  0.000553700000000
  579 55.706038143213846  0.000555500000000
  580 55.802248917209035  0.000557300000000
  581 55.898459691204224  0.000559100000000
  582 55.994670465199405  0.000560900000000
  583 56.090881239194594  0.000562600000000
  584 56.187092013189783  0.000564400000000
  585 56.283302787184972  0.000566200000000
  586 56.379513561180161  0.000568000000000
  587 56.475724335175350  0.000569800000000
  588 56.571935109170539  0.000571600000000
  589 56.668145883165721  0.000573300000000
  590 56.764356657160910  0.000575100000000
  591 56.860567431156099  0.000576900000000
  592 56.956778205151288  0.000578700000000
  593 57.052988979146477  0.000580500000000
  594 57.149199753141666  0.000582300000000
  595 57.245410527136855  0.000584100000000
  596 57.341621301132044  0.000585800000000
  597 57.437832075127226  0.000587600000000
  598 57.534042849122415  0.000589400000000
  599 57.630253623117603  0.000591200000000
  600 57.726464397112792  0.000593000000000
  601 57.822675171107981  0.000594800000000
  602 57.918885945103170  0.000596600000000
  603 58.015096719098359  0.000598300000000
  604 58.111307493093541  0.000600100000000
  605 58.207518267088730  0.000601900000000
  606 58.303729041083919  0.000603700000000
  607 58.399939815079108  0.000605500000000
  608 58.496150589074297  0.000607300000000
  609 58.592361363069486  0.000609100000000
  610 58.688572137064675  0.000610800000000
  611 58.784782911059857  0.000612600000000
  612 58.880993685055046  0.000614400000000
  613 58.977204459050235  0.000616200000000
  614 59.073415233045424  0.000618000000000
  615 59.169626007040613  0.000619800000000
  616 59.265836781035802  0.000621500000000
  617 59.362047555030991  0.000623300000000
  618 59.458258329026179  0.000625100000000
  619 59.554469103021361  0.000626900000000
  620 59.650679877016550  0.000628700000000
  621 59.746890651011739  0.000630500000000
  622 59.843101425006928  0.000632300000000
  623 59.939312199002117  0.000634000000000
  624 60.035522972997306  0.000635800000000
  625 60.131733746992495  0.000637600000000
  626 60.227944520987677  0.000639400000000
  627 60.324155294982866  0.000641200000000
  628 60.420366068978055  0.000643000000000
  629 60.516576842973244  0.000644800000000
  630 60.612787616968433  0.000646500000000
  631 60.708998390963622  0.000648300000000
  632 60.805209164958811  0.000650100000000
  633 60.901419938953993  0.000651900000000
  634 60.997630712949181  0.000653700000000
  635 61.093841486944370  0.000655500000000
  636 61.190052260939559  0.000657300000000
  637 61.286263034934748  0.000659000000000
  638 61.382473808929937  0.000660800000000
  639 61.478684582925126  0.000662600000000
  640 61.574895356920308  0.000664400000000
  641 61.671106130915497  0.000666200000000
  642 61.767316904910686  0.000668000000000
  643 61.863527678905875  0.000669700000000
  644 61.959738452901064  0.000671500000000
  645 62.055949226896253  0.000673300000000
  646 62.152160000891442  0.000675100000000
  647 62.248370774886631  0.000676900000000
  648 62.344581548881813  0.000678700000000
  649 62.440792322877002  0.000680500000000
  650 62.537003096872191  0.000682200000000
  651 62.633213870867380  0.000684000000000
  652 62.729424644862569  0.000685800000000
  653 62.825635418857757  0.000687600000000
  654 62.921846192852946  0.000689400000000
  655 63.018056966848128  0.000691200000000
  656 63.114267740843317  0.000693000000000
  657 63.210478514838506  0.000694700000000
  658 63.306689288833695  0.000696500000000
  659 63.402900062828884  0.000698300000000
  660 63.499110836824073  0.000700100000000
  661 63.595321610819262  0.000701900000000
  662 63.691532384814444  0.000703700000000
  663 63.787743158809633  0.000705500000000
  664 63.883953932804822  0.000707200000000
  665 63.980164706800011  0.000709000000000
  666 64.076375480795193  0.000710800000000
  667 64.172586254790389  0.000712600000000
  668 64.268797028785571  0.000714400000000
  669 64.365007802780767  0.000716200000000
  670 64.461218576775948  0.000717900000000
  671 64.557429350771145  0.000719700000000
  672 64.653640124766326  0.000721500000000
  673 64.749850898761508  0.000723300000000
  674 64.846061672756704  0.000725100000000
  675 64.942272446751886  0.000726900000000
  676 65.038483220747082  0.000728700000000
  677 65.134693994742264  0.000730400000000
  678 65.230904768737460  0.000732200000000
  679 65.327115542732642  0.000734000000000
  680 65.423326316727838  0.000735800000000
  681 65.519537090723020  0.000737600000000
  682 65.615747864718202  0.000739400000000
  683 65.711958638713398  0.000741200000000
  684 65.808169412708580  0.000742900000000
  685 65.904380186703776  0.000744700000000
  686 66.000590960698958  0.000746500000000
  687 66.096801734694154  0.000748300000000
  688 66.193012508689336  0.000750100000000
  689 66.289223282684517  0.000751900000000
  690 66.385434056679713  0.000753700000000
  691 66.481644830674895  0.000755400000000
  692 66.577855604670091  0.000757200000000
  693 66.674066378665273  0.000759000000000
  694 66.770277152660469  0.000760800000000
  695 66.866487926655651  0.000762600000000
  696 66.962698700650833  0.000764400000000
  697 67.058909474646029  0.000766100000000
  698 67.155120248641211  0.000767900000000
  699 67.251331022636407  0.000769700000000
  700 67.347541796631589  0.000771500000000
  701 67.443752570626785  0.000773300000000
  702 67.539963344621967  0.000775100000000
  703 67.636174118617149  0.000776900000000
  704 67.732384892612345  0.000778600000000
  705 67.828595666607526  0.000780400000000
  706 67.924806440602723  0.000782200000000
  707 68.021017214597904  0.000784000000000
  708 68.117227988593100  0.000785800000000
  709 68.213438762588282  0.000787600000000
  710 68.309649536583464  0.000789400000000
  711 68.405860310578660  0.000791100000000
  712 68.502071084573842  0.000792900000000
  713 68.598281858569038  0.000794700000000
  714 68.694492632564220  0.000796500000000
  715 68.790703406559416  0.000798300000000
  716 68.886914180554598  0.000800100000000
  717 68.983124954549780  0.000801800000000
  718 69.079335728544976  0.000803700000000
  719 69.175546502540158  0.000805400000000
  720 69.271757276535354  0.000807200000000
  721 69.367968050530536  0.000808900000000
  722 69.464178824525732  0.000810900000000
  723 69.560389598520914  0.000812400000000
  724 69.656600372516110  0.000814900000000
  725 69.752811146511291  0.000811800000000
  726 69.849021920506473  0.000786300000000
  727 69.945232694501669  0.000738900000000
  728 70.041443468496851  0.000679300000000
