    0  0.000000000000000  0.000631500000000
    1  0.096210773995188  0.000600700000000
    2  0.192421547990376  0.000575400000000
    3  0.288632321985564  0.000560500000000
    4  0.384843095980752  0.000556400000000
    5  0.481053869975940  0.000555000000000
    6  0.577264643971128  0.000553000000000
    7  0.673475417966316  0.000551300000000
    8  0.769686191961504  0.000549500000000
    9  0.865896965956692  0.000547700000000
   10  0.962107739951880  0.000545900000000
   11  1.058318513947068  0.000544100000000
   12  1.154529287942256  0.000542355040000
   13  1.250740061937444  0.000540600000000
   14  1.346950835932632  0.000538800000000
   15  1.443161609927820  0.000537000000000
   16  1.539372383923008  0.000535200000000
   17  1.635583157918196  0.000533400000000
   18  1.731793931913384  0.000531600000000
   19  1.828004705908572  0.000529800000000
   20  1.924215479903760  0.000528100000000
   21  2.020426253898948  0.000526300000000
   22  2.116637027894136  0.000524500000000
   23  2.212847801889324  0.000522700000000
   24  2.309058575884512  0.000520900000000
   25  2.405269349879700  0.000519100000000
   26  2.501480123874888  0.000517300000000
   27  2.597690897870076  0.000515600000000
   28  2.693901671865264  0.000513800000000
   29  2.790112445860452  0.000512000000000
   30  2.886323219855639  0.000510200000000
   31  2.982533993850828  0.000508400000000
   32  3.078744767846016  0.000506600000000
   33  3.174955541841204  0.000504800000000
   34  3.271166315836392  0.000503000000000
   35  3.367377089831579  0.000501300000000
   36  3.463587863826767  0.000499500000000
   37  3.559798637821955  0.000497700000000
   38  3.656009411817144  0.000495900000000
   39  3.752220185812332  0.000494100000000
   40  3.848430959807519  0.000492300000000
   41  3.944641733802707  0.000490500000000
   42  4.040852507797895  0.000488700000000
   43  4.137063281793083  0.000487000000000
   44  4.233274055788272  0.000485200000000
   45  4.329484829783460  0.000483400000000
   46  4.425695603778648  0.000481600000000
   47  4.521906377773836  0.000479800000000
   48  4.618117151769024  0.000478000000000
   49  4.714327925764211  0.000476200000000
   50  4.810538699759399  0.000474400000000
   51  4.906749473754587  0.000472700000000
   52  5.002960247749775  0.000470900000000
   53  5.099171021744963  0.000469100000000
   54  5.195381795740151  0.000467300000000
   55  5.291592569735339  0.000465500000000
   56  5.387803343730527  0.000463700000000
   57  5.484014117725716  0.000461900000000
   58  5.580224891720904  0.000460200000000
   59  5.676435665716091  0.000458400000000
   60  5.772646439711279  0.000456600000000
   61  5.868857213706467  0.000454800000000
   62  5.965067987701655  0.000453000000000
   63  6.061278761696843  0.000451200000000
   64  6.157489535692031  0.000449400000000
   65  6.253700309687219  0.000447600000000
   66  6.349911083682407  0.000445900000000
   67  6.446121857677595  0.000444100000000
   68  6.542332631672783  0.000442300000000
   69  6.638543405667972  0.000440500000000
   70  6.734754179663159  0.000438700000000
   71  6.830964953658347  0.000436900000000
   72  6.927175727653535  0.000435100000000
   73  7.023386501648723  0.000433300000000
   74  7.119597275643911  0.000431600000000
   75  7.215808049639099  0.000429800000000
   76  7.312018823634287  0.000428000000000
   77  7.408229597629475  0.000426200000000
   78  7.504440371624663  0.000424400000000
   79  7.600651145619851  0.000422600000000
   80  7.696861919615039  0.000420800000000
   81  7.793072693610227  0.000419000000000
   82  7.889283467605415  0.000417300000000
   83  7.985494241600603  0.000415500000000
   84  8.081705015595791  0.000413700000000
   85  8.177915789590980  0.000411900000000
   86  8.274126563586167  0.000410100000000
   87  8.370337337581354  0.000408300000000
   88  8.466548111576543  0.000406500000000
   89  8.562758885571730  0.000404800000000
   90  8.658969659566919  0.000403000000000
   91  8.755180433562106  0.000401200000000
   92  8.851391207557295  0.000399400000000
   93  8.947601981552483  0.000397600000000
   94  9.043812755547672  0.000395800000000
   95  9.140023529542859  0.000394000000000
   96  9.236234303538048  0.000392200000000
   97  9.332445077533235  0.000390500000000
   98  9.428655851528422  0.000388700000000
   99  9.524866625523611  0.000386900000000
  100  9.621077399518798  0.000385100000000
  101  9.717288173513987  0.000383300000000
  102  9.813498947509174  0.000381500000000
  103  9.909709721504363  0.000379700000000
  104 10.005920495499550  0.000377900000000
  105 10.102131269494739  0.000376200000000
  106 10.198342043489927  0.000374400000000
  107 10.294552817485114  0.000372600000000
  108 10.390763591480303  0.000370347840000
  109 10.486974365475490  0.000312104923200
  110 10.583185139470679  0.000159775558400
  111 10.679395913465866 -0.000059195024000
  112 10.775606687461055 -0.000304864394880
  113 10.871817461456242 -0.000519937482240
  114 10.968028235451431 -0.000702674240000
  115 11.064239009446618 -0.000858127520000
  116 11.160449783441807 -0.000983051520000
  117 11.256660557436994 -0.001105739360000
  118 11.352871331432182 -0.001157224000000
  119 11.449082105427371 -0.001181343040000
  120 11.545292879422558 -0.001220522880000
  121 11.641503653417747 -0.001221679040000
  122 11.737714427412934 -0.001223463136000
  123 11.833925201408123 -0.001185624640000
  124 11.930135975403310 -0.001139769600000
  125 12.026346749398499 -0.001124250880000
  126 12.122557523393686 -0.001110400800000
  127 12.218768297388875 -0.001107805440000
  128 12.314979071384062 -0.001129916320000
  129 12.411189845379250 -0.001147515840000
  130 12.507400619374438 -0.001188365280000
  131 12.603611393369626 -0.001258593120000
  132 12.699822167364815 -0.001321436480000
  133 12.796032941360002 -0.001383229600000
  134 12.892243715355191 -0.001396612000000
  135 12.988454489350378 -0.001392175040000
  136 13.084665263345567 -0.001394425920000
  137 13.180876037340754 -0.001429427840000
  138 13.277086811335943 -0.001490729120000
  139 13.373297585331130 -0.001550062400000
  140 13.469508359326317 -0.001588380800000
  141 13.565719133321506 -0.001604233280000
  142 13.661929907316694 -0.001599937280000
  143 13.758140681311883 -0.001573807200000
  144 13.854351455307070 -0.001550997760000
  145 13.950562229302259 -0.001519498240000
  146 14.046773003297446 -0.001528624640000
  147 14.142983777292635 -0.001552373120000
  148 14.239194551287822 -0.001561093920000
  149 14.335405325283011 -0.001608846080000
  150 14.431616099278198 -0.001635692960000
  151 14.527826873273385 -0.001643213440000
  152 14.624037647268574 -0.001657056000000
  153 14.720248421263761 -0.001671257600000
  154 14.816459195258950 -0.001738409600000
  155 14.912669969254138 -0.001748089600000
  156 15.008880743249327 -0.001807531040000
  157 15.105091517244514 -0.001990299200000
  158 15.201302291239703 -0.002102660416000
  159 15.297513065234890 -0.002171392000000
  160 15.393723839230077 -0.002217491200000
  161 15.489934613225266 -0.002268081600000
  162 15.586145387220453 -0.002334150400000
  163 15.682356161215642 -0.002408756800000
  164 15.778566935210829 -0.002478806400000
  165 15.874777709206018 -0.002525795200000
  166 15.970988483201205 -0.002548232000000
  167 16.067199257196393 -0.002585364800000
  168 16.163410031191582 -0.002603608000000
  169 16.259620805186771 -0.002588841600000
  170 16.355831579181960 -0.002584281600000
  171 16.452042353177145 -0.002571217600000
  172 16.548253127172334 -0.002519457600000
  173 16.644463901167523 -0.002462427200000
  174 16.740674675162708 -0.002423566400000
  175 16.836885449157897 -0.002411660800000
  176 16.933096223153086 -0.002500808960000
  177 17.029306997148275 -0.002689724800000
  178 17.125517771143461 -0.002944779200000
  179 17.221728545138649 -0.003265496000000
  180 17.317939319133838 -0.003572336000000
  181 17.414150093129027 -0.003859551360000
  182 17.510360867124213 -0.004150150720000
  183 17.606571641119402 -0.004290434400000
  184 17.702782415114591 -0.004176739200000
  185 17.798993189109776 -0.004206369600000
  186 17.895203963104965 -0.004366657600000
  187 17.991414737100154 -0.004549724640000
  188 18.087625511095343 -0.004749985600000
  189 18.183836285090528 -0.004935123200000
  190 18.280047059085717 -0.004973585600000
  191 18.376257833080906 -0.005218843200000
  192 18.472468607076095 -0.005169632800000
  193 18.568679381071281 -0.004888676000000
  194 18.664890155066470 -0.005015257920000
  195 18.761100929061659 -0.005209054400000
  196 18.857311703056844 -0.005393803200000
  197 18.953522477052033 -0.005588417600000
  198 19.049733251047222 -0.005792801600000
  199 19.145944025042411 -0.005901057600000
  200 19.242154799037596 -0.006211132800000
  201 19.338365573032785 -0.006710436800000
  202 19.434576347027974 -0.007170184000000
  203 19.530787121023160 -0.007686212800000
  204 19.626997895018349 -0.008264833600000
  205 19.723208669013538 -0.008858286400000
  206 19.819419443008726 -0.009443956800000
  207 19.915630217003912 -0.010222180800000
  208 20.011840990999101 -0.011060080000000
  209 20.108051764994290 -0.011660544000000
  210 20.204262538989479 -0.012143774400000
  211 20.300473312984664 -0.012804513600000
  212 20.396684086979853 -0.013852800000000
  213 20.492894860975042 -0.014744080000000
  214 20.589105634970227 -0.015475888000000
  215 20.685316408965416 -0.016611920000000
  216 20.781527182960605 -0.018156896000000
  217 20.877737956955794 -0.019842000000000
  218 20.973948730950980 -0.021629360000000
  219 21.070159504946169 -0.023629552000000
  220 21.166370278941358 -0.025808608000000
  221 21.262581052936547 -0.028082560000000
  222 21.358791826931732 -0.030372672000000
  223 21.455002600926921 -0.032623424000000
  224 21.551213374922110 -0.034772496000000
  225 21.647424148917295 -0.036725728000000
  226 21.743634922912484 -0.038341552000000
  227 21.839845696907673 -0.039437120000000
  228 21.936056470902862 -0.040434432000000
  229 22.032267244898048 -0.044403104000000
  230 22.128478018893237 -0.050714112000000
  231 22.224688792888426 -0.055891744000000
  232 22.320899566883615 -0.060069344000000
  233 22.417110340878800 -0.061849584000000
  234 22.513321114873989 -0.063360416000000
  235 22.609531888869178 -0.067005024000000
  236 22.705742662864363 -0.070669920000000
  237 22.801953436859552 -0.074125664000000
  238 22.898164210854741 -0.078099376000000
  239 22.994374984849930 -0.082875824000000
  240 23.090585758845116 -0.088300944000000
  241 23.186796532840305 -0.094176720000000
  242 23.283007306835493 -0.100535104000000
  243 23.379218080830682 -0.107625920000000
  244 23.475428854825868 -0.115799520000000
  245 23.571639628821057 -0.125341280000000
  246 23.667850402816246 -0.136370880000000
  247 23.764061176811431 -0.148877280000000
  248 23.860271950806620 -0.162681440000000
  249 23.956482724801809 -0.177504160000000
  250 24.052693498796998 -0.193026080000000
  251 24.148904272792183 -0.208955200000000
  252 24.245115046787372 -0.225011360000000
  253 24.341325820782561 -0.240916160000000
  254 24.437536594777750 -0.256341760000000
  255 24.533747368772936 -0.270857440000000
  256 24.629958142768125 -0.284193120000000
  257 24.726168916763314 -0.295968160000000
  258 24.822379690758499 -0.305559520000000
  259 24.918590464753688 -0.314667200000000
  260 25.014801238748877 -0.326928960000000
  261 25.111012012744066 -0.341459200000000
  262 25.207222786739251 -0.353843360000000
  263 25.303433560734440 -0.362850400000000
  264 25.399644334729629 -0.368646720000000
  265 25.495855108724818 -0.370879200000000
  266 25.592065882720004 -0.371030880000000
  267 25.688276656715193 -0.370534240000000
  268 25.784487430710382 -0.369453760000000
  269 25.880698204705567 -0.367949440000000
  270 25.976908978700756 -0.365595840000000
  271 26.073119752695945 -0.360617120000000
  272 26.169330526691134 -0.352504960000000
  273 26.265541300686319 -0.342260160000000
  274 26.361752074681508 -0.330536800000000
  275 26.457962848676697 -0.320464000000000
  276 26.554173622671886 -0.315425760000000
  277 26.650384396667071 -0.313042560000000
  278 26.746595170662260 -0.311028000000000
  279 26.842805944657449 -0.309928160000000
  280 26.939016718652635 -0.310260960000000
  281 27.035227492647824 -0.312005600000000
  282 27.131438266643013 -0.314564800000000
  283 27.227649040638202 -0.317583520000000
  284 27.323859814633387 -0.323512480000000
  285 27.420070588628576 -0.334159520000000
  286 27.516281362623765 -0.345843840000000
  287 27.612492136618954 -0.355845280000000
  288 27.708702910614139 -0.363548160000000
  289 27.804913684609328 -0.367938400000000
  290 27.901124458604517 -0.369683040000000
  291 27.997335232599703 -0.370489600000000
  292 28.093546006594892 -0.370620800000000
  293 28.189756780590081 -0.370024800000000
  294 28.285967554585270 -0.368647520000000
  295 28.382178328580455 -0.364959520000000
  296 28.478389102575644 -0.357851040000000
  297 28.574599876570833 -0.348207840000000
  298 28.670810650566022 -0.336687680000000
  299 28.767021424561207 -0.325386720000000
  300 28.863232198556396 -0.318486720000000
  301 28.959442972551585 -0.315245440000000
  302 29.055653746546771 -0.312747360000000
  303 29.151864520541960 -0.310918880000000
  304 29.248075294537148 -0.310517920000000
  305 29.344286068532337 -0.311633280000000
  306 29.440496842527523 -0.313912480000000
  307 29.536707616522712 -0.316571840000000
  308 29.632918390517901 -0.321188480000000
  309 29.729129164513090 -0.330661280000000
  310 29.825339938508275 -0.342632640000000
  311 29.921550712503464 -0.353354080000000
  312 30.017761486498653 -0.361964160000000
  313 30.113972260493838 -0.367462240000000
  314 30.210183034489027 -0.369828640000000
  315 30.306393808484216 -0.370808639999999
  316 30.402604582479405 -0.371137120000000
  317 30.498815356474591 -0.370662720000000
  318 30.595026130469780 -0.369522400000000
  319 30.691236904464969 -0.366649440000000
  320 30.787447678460154 -0.360445760000000
  321 30.883658452455343 -0.351360960000000
  322 30.979869226450532 -0.340261600000000
  323 31.076080000445721 -0.328403840000000
  324 31.172290774440906 -0.319930240000000
  325 31.268501548436095 -0.315975360000000
  326 31.364712322431284 -0.313411680000000
  327 31.460923096426473 -0.311292800000000
  328 31.557133870421659 -0.310471520000000
  329 31.653344644416848 -0.311180320000000
  330 31.749555418412037 -0.313226880000000
  331 31.845766192407222 -0.315770560000000
  332 31.941976966402411 -0.319456000000001
  333 32.038187740397596 -0.327404640000000
  334 32.134398514392785 -0.339094880000000
  335 32.230609288387974 -0.350302240000000
  336 32.326820062383163 -0.359514720000000
  337 32.423030836378352 -0.365969120000000
  338 32.519241610373541 -0.369040640000000
  339 32.615452384368730 -0.370195520000000
  340 32.711663158363919 -0.370669440000000
  341 32.807873932359101 -0.370374880000000
  342 32.904084706354290 -0.369452640000000
  343 33.000295480349479 -0.367330400000000
  344 33.096506254344668 -0.362248800000000
  345 33.192717028339857 -0.354002240000000
  346 33.288927802335046 -0.343616640000000
  347 33.385138576330235 -0.331795520000001
  348 33.481349350325416 -0.321919520000000
  349 33.577560124320605 -0.316863680000000
  350 33.673770898315794 -0.314041440000000
  351 33.769981672310983 -0.311562080000000
  352 33.866192446306172 -0.310072960000000
  353 33.962403220301361 -0.310034080000000
  354 34.058613994296550 -0.311393440000000
  355 34.154824768291732 -0.313458560000000
  356 34.251035542286921 -0.316097440000000
  357 34.347246316282110 -0.322105600000000
  358 34.443457090277299 -0.332896800000000
  359 34.539667864272488 -0.344455360000000
  360 34.635878638267677 -0.354320800000000
  361 34.732089412262866 -0.361888800000000
  362 34.828300186258055 -0.366214240000000
  363 34.924510960253237 -0.368275680000000
  364 35.020721734248426 -0.369712480000000
  365 35.116932508243615 -0.370669120000000
  366 35.213143282238804 -0.371068480000000
  367 35.309354056233992 -0.370672800000000
  368 35.405564830229181 -0.367779680000000
  369 35.501775604224370 -0.361292640000000
  370 35.597986378219552 -0.351654560000000
  371 35.694197152214741 -0.338602400000000
  372 35.790407926209930 -0.324165600000000
  373 35.886618700205119 -0.312703840000000
  374 35.982829474200308 -0.303775840000000
  375 36.079040248195497 -0.293782080000000
  376 36.175251022190686 -0.281633120000000
  377 36.271461796185868 -0.268046880000000
  378 36.367672570181057 -0.253319840000000
  379 36.463883344176246 -0.237763680000000
  380 36.560094118171435 -0.221808960000000
  381 36.656304892166624 -0.205758560000000
  382 36.752515666161813 -0.189880640000000
  383 36.848726440157002 -0.174476160000000
  384 36.944937214152191 -0.159826560000000
  385 37.041147988147372 -0.146264800000000
  386 37.137358762142561 -0.134050560000000
  387 37.233569536137750 -0.123316480000000
  388 37.329780310132939 -0.114062560000000
  389 37.425991084128128 -0.106133120000000
  390 37.522201858123317 -0.099214592000000
  391 37.618412632118506 -0.092966192000000
  392 37.714623406113688 -0.087178384000000
  393 37.810834180108877 -0.081864960000000
  394 37.907044954104066 -0.077240112000000
  395 38.003255728099255 -0.073408000000000
  396 38.099466502094444 -0.069978928000000
  397 38.195677276089633 -0.066208704000000
  398 38.291888050084822 -0.062863824000000
  399 38.388098824080004 -0.061671472000000
  400 38.484309598075193 -0.059397456000000
  401 38.580520372070382 -0.054909488000000
  402 38.676731146065570 -0.049470944000000
  403 38.772941920060759 -0.043339296000000
  404 38.869152694055948 -0.040095712000000
  405 38.965363468051137 -0.039277392000000
  406 39.061574242046319 -0.038053072000000
  407 39.157785016041508 -0.036355728000000
  408 39.253995790036697 -0.034353360000000
  409 39.350206564031886 -0.032177680000000
  410 39.446417338027075 -0.029915392000000
  411 39.542628112022264 -0.027623424000000
  412 39.638838886017453 -0.025361376000000
  413 39.735049660012642 -0.023211632000000
  414 39.831260434007824 -0.021254816000000
  415 39.927471208003013 -0.019500912000000
  416 40.023681981998202 -0.017826400000000
  417 40.119892755993391 -0.016344064000000
  418 40.216103529988580 -0.015305440000000
  419 40.312314303983769 -0.014596784000000
  420 40.408525077978958 -0.013633264000000
  421 40.504735851974139 -0.012632104000000
  422 40.600946625969328 -0.012054232000000
  423 40.697157399964517 -0.011543168000000
  424 40.793368173959706 -0.010911593600000
  425 40.889578947954895 -0.010058897600000
  426 40.985789721950084 -0.009307448000000
  427 41.082000495945273 -0.008738812800000
  428 41.178211269940455 -0.008143596800000
  429 41.274422043935644 -0.007575788800000
  430 41.370632817930833 -0.007103857600000
  431 41.466843591926022 -0.006635484800000
  432 41.563054365921211 -0.006219428800000
  433 41.659265139916400 -0.005866497280000
  434 41.755475913911589 -0.005635262400000
  435 41.851686687906778 -0.005554502400000
  436 41.947897461901960 -0.005341137600000
  437 42.044108235897149 -0.005144531200000
  438 42.140319009892337 -0.005020433600000
  439 42.236529783887526 -0.004954678400000
  440 42.332740557882715 -0.005107403200000
  441 42.428951331877904 -0.005146624960000
  442 42.525162105873093 -0.005004267520000
  443 42.621372879868275 -0.004891982400000
  444 42.717583653863464 -0.004726481600000
  445 42.813794427858653 -0.004526249600000
  446 42.910005201853842 -0.004339384000000
  447 43.006215975849031 -0.004204692800000
  448 43.102426749844220 -0.004192592000000
  449 43.198637523839409 -0.004314007952000
  450 43.294848297834591 -0.004115038400000
  451 43.391059071829780 -0.003715233600000
  452 43.487269845824969 -0.003503344000000
  453 43.583480619820158 -0.003234460800000
  454 43.679691393815347 -0.002889491200000
  455 43.775902167810536 -0.002646699680000
  456 43.872112941805725 -0.002474968000000
  457 43.968323715800913 -0.002378689600000
  458 44.064534489796095 -0.002415868480000
  459 44.160745263791284 -0.002501184000000
  460 44.256956037786473 -0.002536939200000
  461 44.353166811781662 -0.002570507200000
  462 44.449377585776851 -0.002583414400000
  463 44.545588359772040 -0.002585606400000
  464 44.641799133767229 -0.002594480000000
  465 44.738009907762411 -0.002576576000000
  466 44.834220681757600 -0.002546809600000
  467 44.930431455752789 -0.002521732800000
  468 45.026642229747978 -0.002464131200000
  469 45.122853003743167 -0.002392214400000
  470 45.219063777738356 -0.002317737600000
  471 45.315274551733545 -0.002255195200000
  472 45.411485325728727 -0.002205482560000
  473 45.507696099723915 -0.002158729600000
  474 45.603906873719104 -0.002094016000000
  475 45.700117647714293 -0.001955766400000
  476 45.796328421709482 -0.001851798400000
  477 45.892539195704671 -0.001728545968000
  478 45.988749969699860 -0.001649096624000
  479 46.084960743695049 -0.001666660800000
  480 46.181171517690231 -0.001651908800000
  481 46.277382291685420 -0.001635504800000
  482 46.373593065680609 -0.001633083520000
  483 46.469803839675798 -0.001595088160000
  484 46.566014613670987 -0.001550029440000
  485 46.662225387666176 -0.001537751840000
  486 46.758436161661365 -0.001528840320000
  487 46.854646935656547 -0.001537594080000
  488 46.950857709651736 -0.001556899520000
  489 47.047068483646925 -0.001585274240000
  490 47.143279257642114 -0.001599265440000
  491 47.239490031637303 -0.001585100160000
  492 47.335700805632491 -0.001576785760000
  493 47.431911579627680 -0.001544816160000
  494 47.528122353622862 -0.001475785120000
  495 47.624333127618051 -0.001417762880000
  496 47.720543901613240 -0.001390299840000
  497 47.816754675608429 -0.001391568960000
  498 47.912965449603618 -0.001393816000000
  499 48.009176223598807 -0.001371199040000
  500 48.105386997593996 -0.001307378560000
  501 48.201597771589185 -0.001250378400000
  502 48.297808545584367 -0.001207049600000
  503 48.394019319579556 -0.001132245440000
  504 48.490230093574745 -0.001093573760000
  505 48.586440867569934 -0.001105877760000
  506 48.682651641565123 -0.001109840640000
  507 48.778862415560312 -0.001127580640000
  508 48.875073189555501 -0.001171061920000
  509 48.971283963550682 -0.001216842080000
  510 49.067494737545871 -0.001194688448000
  511 49.163705511541060 -0.001197335680000
  512 49.259916285536249 -0.001217390720000
  513 49.356127059531438 -0.001113026592000
  514 49.452337833526627 -0.001140481088000
  515 49.548548607521816 -0.001141694480000
  516 49.644759381516998 -0.000959409920000
  517 49.740970155512187 -0.000827351840000
  518 49.837180929507376 -0.000666500800000
  519 49.933391703502565 -0.000478072257920
  520 50.029602477497754 -0.000255401657600
  521 50.125813251492943 -0.000009248929120
  522 50.222024025488132  0.000197537492320
  523 50.318234799483314  0.000334405072000
  524 50.414445573478503  0.000372700000000
  525 50.510656347473692  0.000374500000000
  526 50.606867121468881  0.000376300000000
  527 50.703077895464070  0.000378100000000
  528 50.799288669459258  0.000379800000000
  529 50.895499443454447  0.000381600000000
  530 50.991710217449636  0.000383400000000
  531 51.087920991444818  0.000385200000000
  532 51.184131765440007  0.000387000000000
  533 51.280342539435196  0.000388800000000
  534 51.376553313430385  0.000390600000000
  535 51.472764087425574  0.000392400000000
  536 51.568974861420763  0.000394100000000
  537 51.665185635415952  0.000395900000000
  538 51.761396409411134  0.000397700000000
  539 51.857607183406323  0.000399500000000
  540 51.953817957401512  0.000401300000000
  541 52.050028731396701  0.000403100000000
  542 52.146239505391890  0.000404900000000
  543 52.242450279387079  0.000406700000000
  544 52.338661053382268  0.000408400000000
  545 52.434871827377449  0.000410200000000
  546 52.531082601372638  0.000412000000000
  547 52.627293375367827  0.000413800000000
  548 52.723504149363016  0.000415600000000
  549 52.819714923358205  0.000417400000000
  550 52.915925697353394  0.000419200000000
  551 53.012136471348583  0.000421000000000
  552 53.108347245343772  0.000422700000000
  553 53.204558019338954  0.000424500000000
  554 53.300768793334143  0.000426300000000
  555 53.396979567329332  0.000428100000000
  556 53.493190341324521  0.000429900000000
  557 53.589401115319710  0.000431700000000
  558 53.685611889314899  0.000433500000000
  559 53.781822663310088  0.000435300000000
  560 53.878033437305270  0.000437100000000
  561 53.974244211300459  0.000438800000000
  562 54.070454985295648  0.000440600000000
  563 54.166665759290836  0.000442400000000
  564 54.262876533286025  0.000444200000000
  565 54.359087307281214  0.000446000000000
  566 54.455298081276403  0.000447800000000
  567 54.551508855271585  0.000449600000000
  568 54.647719629266774  0.000451400000000
  569 54.743930403261963  0.000453100000000
  570 54.840141177257152  0.000454900000000
  571 54.936351951252341  0.000456700000000
  572 55.032562725247530  0.000458500000000
  573 55.128773499242719  0.000460300000000
  574 55.224984273237908  0.000462100000000
  575 55.321195047233090  0.000463900000000
  576 55.417405821228279  0.000465700000000
  577 55.513616595223468  0.000467400000000
  578 55.609827369218657  0.000469200000000
  579 55.706038143213846  0.000471000000000
  580 55.802248917209035  0.000472800000000
  581 55.898459691204224  0.000474600000000
  582 55.994670465199405  0.000476400000000
  583 56.090881239194594  0.000478200000000
  584 56.187092013189783  0.000480000000000
  585 56.283302787184972  0.000481700000000
  586 56.379513561180161  0.000483500000000
  587 56.475724335175350  0.000485300000000
  588 56.571935109170539  0.000487100000000
  589 56.668145883165721  0.000488900000000
  590 56.764356657160910  0.000490700000000
  591 56.860567431156099  0.000492500000000
  592 56.956778205151288  0.000494300000000
  593 57.052988979146477  0.000496000000000
  594 57.149199753141666  0.000497800000000
  595 57.245410527136855  0.000499600000000
  596 57.341621301132044  0.000501400000000
  597 57.437832075127226  0.000503200000000
  598 57.534042849122415  0.000505000000000
  599 57.630253623117603  0.000506800000000
  600 57.726464397112792  0.000508600000000
  601 57.822675171107981  0.000510300000000
  602 57.918885945103170  0.000512100000000
  603 58.015096719098359  0.000513900000000
  604 58.111307493093541  0.000515700000000
  605 58.207518267088730  0.000517500000000
  606 58.303729041083919  0.000519300000000
  607 58.399939815079108  0.000521100000000
  608 58.496150589074297  0.000522900000000
  609 58.592361363069486  0.000524600000000
  610 58.688572137064675  0.000526400000000
  611 58.784782911059857  0.000528200000000
  612 58.880993685055046  0.000530000000000
  613 58.977204459050235  0.000531800000000
  614 59.073415233045424  0.000533600000000
  615 59.169626007040613  0.000535400000000
  616 59.265836781035802  0.000537200000000
  617 59.362047555030991  0.000538900000000
  618 59.458258329026179  0.000540700000000
  619 59.554469103021361  0.000542500000000
  620 59.650679877016550  0.000544300000000
  621 59.746890651011739  0.000546100000000
  622 59.843101425006928  0.000547900000000
  623 59.939312199002117  0.000549700000000
  624 60.035522972997306  0.000551500000000
  625 60.131733746992495  0.000553200000000
  626 60.227944520987677  0.000555000000000
  627 60.324155294982866  0.000556800000000
  628 60.420366068978055  0.000558600000000
  629 60.516576842973244  0.000560400000000
  630 60.612787616968433  0.000562200000000
  631 60.708998390963622  0.000564000000000
  632 60.805209164958811  0.000565800000000
  633 60.901419938953993  0.000567500000000
  634 60.997630712949181  0.000569300000000
  635 61.093841486944370  0.000571100000000
  636 61.190052260939559  0.000572900000000
  637 61.286263034934748  0.000574700000000
  638 61.382473808929937  0.000576500000000
  639 61.478684582925126  0.000578300000000
  640 61.574895356920308  0.000580100000000
  641 61.671106130915497  0.000581800000000
  642 61.767316904910686  0.000583600000000
  643 61.863527678905875  0.000585400000000
  644 61.959738452901064  0.000587200000000
  645 62.055949226896253  0.000589000000000
  646 62.152160000891442  0.000590800000000
  647 62.248370774886631  0.000592600000000
  648 62.344581548881813  0.000594400000000
  649 62.440792322877002  0.000596100000000
  650 62.537003096872191  0.000597900000000
  651 62.633213870867380  0.000599700000000
  652 62.729424644862569  0.000601500000000
  653 62.825635418857757  0.000603300000000
  654 62.921846192852946  0.000605100000000
  655 63.018056966848128  0.000606900000000
  656 63.114267740843317  0.000608700000000
  657 63.210478514838506  0.000610400000000
  658 63.306689288833695  0.000612200000000
  659 63.402900062828884  0.000614000000000
  660 63.499110836824073  0.000615800000000
  661 63.595321610819262  0.000617600000000
  662 63.691532384814444  0.000619400000000
  663 63.787743158809633  0.000621200000000
  664 63.883953932804822  0.000623000000000
  665 63.980164706800011  0.000624700000000
  666 64.076375480795193  0.000626500000000
  667 64.172586254790389  0.000628300000000
  668 64.268797028785571  0.000630100000000
  669 64.365007802780767  0.000631900000000
  670 64.461218576775948  0.000633700000000
  671 64.557429350771145  0.000635500000000
  672 64.653640124766326  0.000637300000000
  673 64.749850898761508  0.000639000000000
  674 64.846061672756704  0.000640800000000
  675 64.942272446751886  0.000642600000000
  676 65.038483220747082  0.000644400000000
  677 65.134693994742264  0.000646200000000
  678 65.230904768737460  0.000648000000000
  679 65.327115542732642  0.000649800000000
  680 65.423326316727838  0.000651600000000
  681 65.519537090723020  0.000653300000000
  682 65.615747864718202  0.000655100000000
  683 65.711958638713398  0.000656900000000
  684 65.808169412708580  0.000658700000000
  685 65.904380186703776  0.000660500000000
  686 66.000590960698958  0.000662300000000
  687 66.096801734694154  0.000664100000000
  688 66.193012508689336  0.000665900000000
  689 66.289223282684517  0.000667600000000
  690 66.385434056679713  0.000669400000000
  691 66.481644830674895  0.000671200000000
  692 66.577855604670091  0.000673000000000
  693 66.674066378665273  0.000674800000000
  694 66.770277152660469  0.000676600000000
  695 66.866487926655651  0.000678400000000
  696 66.962698700650833  0.000680200000000
  697 67.058909474646029  0.000681900000000
  698 67.155120248641211  0.000683700000000
  699 67.251331022636407  0.000685500000000
  700 67.347541796631589  0.000687300000000
  701 67.443752570626785  0.000689100000000
  702 67.539963344621967  0.000690900000000
  703 67.636174118617149  0.000692700000000
  704 67.732384892612345  0.000694500000000
  705 67.828595666607526  0.000696200000000
  706 67.924806440602723  0.000698000000000
  707 68.021017214597904  0.000699800000000
  708 68.117227988593100  0.000701600000000
  709 68.213438762588282  0.000703400000000
  710 68.309649536583464  0.000705200000000
  711 68.405860310578660  0.000707000000000
  712 68.502071084573842  0.000708800000000
  713 68.598281858569038  0.000710500000000
  714 68.694492632564220  0.000712300000000
  715 68.790703406559416  0.000714100000000
  716 68.886914180554598  0.000715900000000
  717 68.983124954549780  0.000717700000000
  718 69.079335728544976  0.000719500000000
  719 69.175546502540158  0.000721300000000
  720 69.271757276535354  0.000723100000000
  721 69.367968050530536  0.000724800000000
  722 69.464178824525732  0.000726700000000
  723 69.560389598520914  0.000728300000000
  724 69.656600372516110  0.000730500000000
  725 69.752811146511291  0.000729800000000
  726 69.849021920506473  0.000717500000000
  727 69.945232694501669  0.000694000000000
  728 70.041443468496851  0.000664100000000
