    0  0.000000000000000  0.000593000000000
    1  0.096210773995188  0.000486700000000
    2  0.192421547990376  0.000400700000000
    3  0.288632321985564  0.000352000000000
    4  0.384843095980752  0.000341800000000
    5  0.481053869975940  0.000341300000000
    6  0.577264643971128  0.000339000000000
    7  0.673475417966316  0.000337500000000
    8  0.769686191961504  0.000335500000000
    9  0.865896965956692  0.000333800000000
   10  0.962107739951880  0.000332000000000
   11  1.058318513947068  0.000330200000000
   12  1.154529287942256  0.000328400000000
   13  1.250740061937444  0.000326600000000
   14  1.346950835932632  0.000324800000000
   15  1.443161609927820  0.000323000000000
   16  1.539372383923008  0.000321200000000
   17  1.635583157918196  0.000319400000000
   18  1.731793931913384  0.000317600000000
   19  1.828004705908572  0.000315900000000
   20  1.924215479903760  0.000314100000000
   21  2.020426253898948  0.000312300000000
   22  2.116637027894136  0.000310500000000
   23  2.212847801889324  0.000308700000000
   24  2.309058575884512  0.000306900000000
   25  2.405269349879700  0.000305100000000
   26  2.501480123874888  0.000303300000000
   27  2.597690897870076  0.000301500000000
   28  2.693901671865264  0.000299700000000
   29  2.790112445860452  0.000297900000000
   30  2.886323219855639  0.000296100000000
   31  2.982533993850828  0.000294300000000
   32  3.078744767846016  0.000292500000000
   33  3.174955541841204  0.000290800000000
   34  3.271166315836392  0.000289000000000
   35  3.367377089831579  0.000287200000000
   36  3.463587863826767  0.000285400000000
   37  3.559798637821955  0.000283600000000
   38  3.656009411817144  0.000281800000000
   39  3.752220185812332  0.000280000000000
   40  3.848430959807519  0.000278200000000
   41  3.944641733802707  0.000276400000000
   42  4.040852507797895  0.000274600000000
   43  4.137063281793083  0.000272800000000
   44  4.233274055788272  0.000271000000000
   45  4.329484829783460  0.000269200000000
   46  4.425695603778648  0.000267400000000
   47  4.521906377773836  0.000265700000000
   48  4.618117151769024  0.000263900000000
   49  4.714327925764211  0.000262100000000
   50  4.810538699759399  0.000260300000000
   51  4.906749473754587  0.000258500000000
   52  5.002960247749775  0.000256700000000
   53  5.099171021744963  0.000254900000000
   54  5.195381795740151  0.000253100000000
   55  5.291592569735339  0.000251300000000
   56  5.387803343730527  0.000249500000000
   57  5.484014117725716  0.000247700000000
   58  5.580224891720904  0.000245900000000
   59  5.676435665716091  0.000244100000000
   60  5.772646439711279  0.000242400000000
   61  5.868857213706467  0.000240600000000
   62  5.965067987701655  0.000238800000000
   63  6.061278761696843  0.000237000000000
   64  6.157489535692031  0.000235200000000
   65  6.253700309687219  0.000233400000000
   66  6.349911083682407  0.000231600000000
   67  6.446121857677595  0.000229800000000
   68  6.542332631672783  0.000228000000000
   69  6.638543405667972  0.000226200000000
   70  6.734754179663159  0.000224400000000
   71  6.830964953658347  0.000222600000000
   72  6.927175727653535  0.000220831200000
   73  7.023386501648723  0.000219058720000
   74  7.119597275643911  0.000217266880000
   75  7.215808049639099  0.000215472480000
   76  7.312018823634287  0.000213673920000
   77  7.408229597629475  0.000211874880000
   78  7.504440371624663  0.000210076800000
   79  7.600651145619851  0.000208290080000
   80  7.696861919615039  0.000206505120000
   81  7.793072693610227  0.000204707360000
   82  7.889283467605415  0.000202913280000
   83  7.985494241600603  0.000201124000000
   84  8.081705015595791  0.000199327520000
   85  8.177915789590980  0.000197536800000
   86  8.274126563586167  0.000195746240000
   87  8.370337337581354  0.000193949440000
   88  8.466548111576543  0.000192158400000
   89  8.562758885571730  0.000190365760000
   90  8.658969659566919  0.000188574720000
   91  8.755180433562106  0.000186778880000
   92  8.851391207557295  0.000184987040000
   93  8.947601981552483  0.000183199040000
   94  9.043812755547672  0.000181402080000
   95  9.140023529542859  0.000179610720000
   96  9.236234303538048  0.000177813760000
   97  9.332445077533235  0.000176027200000
   98  9.428655851528422  0.000174229440000
   99  9.524866625523611  0.000172440480000
  100  9.621077399518798  0.000170646080000
  101  9.717288173513987  0.000168855840000
  102  9.813498947509174  0.000167060320000
  103  9.909709721504363  0.000165268640000
  104 10.005920495499550  0.000163478080000
  105 10.102131269494739  0.000161683904000
  106 10.198342043489927  0.000159889344000
  107 10.294552817485114  0.000158099184000
  108 10.390763591480303 -0.000139745296000
  109 10.486974365475490 -0.002631699680000
  110 10.583185139470679 -0.009383479520000
  111 10.679395913465866 -0.018828838720000
  112 10.775606687461055 -0.029736872000000
  113 10.871817461456242 -0.040252672000000
  114 10.968028235451431 -0.050328304000000
  115 11.064239009446618 -0.060012592000000
  116 11.160449783441807 -0.069001280000000
  117 11.256660557436994 -0.076878256000000
  118 11.352871331432182 -0.083267024000000
  119 11.449082105427371 -0.088088992000000
  120 11.545292879422558 -0.091860080000000
  121 11.641503653417747 -0.095549840000000
  122 11.737714427412934 -0.100241968000000
  123 11.833925201408123 -0.106927616000000
  124 11.930135975403310 -0.116182400000000
  125 12.026346749398499 -0.128074880000000
  126 12.122557523393686 -0.142213600000000
  127 12.218768297388875 -0.157855520000000
  128 12.314979071384062 -0.174209760000000
  129 12.411189845379250 -0.190634560000000
  130 12.507400619374438 -0.206729120000000
  131 12.603611393369626 -0.222250720000000
  132 12.699822167364815 -0.237040320000000
  133 12.796032941360002 -0.250971680000000
  134 12.892243715355191 -0.263967200000000
  135 12.988454489350378 -0.275759520000000
  136 13.084665263345567 -0.285657440000000
  137 13.180876037340754 -0.293948640000000
  138 13.277086811335943 -0.303727520000000
  139 13.373297585331130 -0.317187840000000
  140 13.469508359326317 -0.330726560000000
  141 13.565719133321506 -0.341087040000000
  142 13.661929907316694 -0.348373440000000
  143 13.758140681311883 -0.352238880000000
  144 13.854351455307070 -0.353131520000000
  145 13.950562229302259 -0.352879840000000
  146 14.046773003297446 -0.352146720000000
  147 14.142983777292635 -0.350868960000000
  148 14.239194551287822 -0.349163519999999
  149 14.335405325283011 -0.345792640000000
  150 14.431616099278198 -0.339194240000000
  151 14.527826873273385 -0.329972480000000
  152 14.624037647268574 -0.318865760000000
  153 14.720248421263761 -0.307369120000000
  154 14.816459195258950 -0.299755680000000
  155 14.912669969254138 -0.296501760000000
  156 15.008880743249327 -0.294374880000000
  157 15.105091517244514 -0.292661600000000
  158 15.201302291239703 -0.292227840000000
  159 15.297513065234890 -0.293258720000000
  160 15.393723839230077 -0.295504000000000
  161 15.489934613225266 -0.298135040000000
  162 15.586145387220453 -0.302118080000000
  163 15.682356161215642 -0.310526080000000
  164 15.778566935210829 -0.322211520000000
  165 15.874777709206018 -0.333113920000000
  166 15.970988483201205 -0.342045120000000
  167 16.067199257196393 -0.348160800000000
  168 16.163410031191582 -0.350998880000000
  169 16.259620805186771 -0.352157440000000
  170 16.355831579181960 -0.352692480000000
  171 16.452042353177145 -0.352455840000000
  172 16.548253127172334 -0.351589280000000
  173 16.644463901167523 -0.349344160000000
  174 16.740674675162708 -0.343962880000000
  175 16.836885449157897 -0.335476480000000
  176 16.933096223153086 -0.324860000000000
  177 17.029306997148275 -0.312975360000000
  178 17.125517771143461 -0.303552160000000
  179 17.221728545138649 -0.298959200000000
  180 17.317939319133838 -0.296318560000000
  181 17.414150093129027 -0.294030080000000
  182 17.510360867124213 -0.292895200000000
  183 17.606571641119402 -0.293265440000000
  184 17.702782415114591 -0.295059360000000
  185 17.798993189109776 -0.297551680000000
  186 17.895203963104965 -0.300807200000000
  187 17.991414737100154 -0.307712160000000
  188 18.087625511095343 -0.319040640000000
  189 18.183836285090528 -0.330635840000000
  190 18.280047059085717 -0.340368640000001
  191 18.376257833080906 -0.347578720000000
  192 18.472468607076095 -0.351350880000000
  193 18.568679381071281 -0.352829440000000
  194 18.664890155066470 -0.353499200000000
  195 18.761100929061659 -0.353410239999999
  196 18.857311703056844 -0.352623040000000
  197 18.953522477052033 -0.350849760000000
  198 19.049733251047222 -0.346404480000000
  199 19.145944025042411 -0.338596000000000
  200 19.242154799037596 -0.328455520000000
  201 19.338365573032785 -0.316624320000000
  202 19.434576347027974 -0.305895360000000
  203 19.530787121023160 -0.299989920000000
  204 19.626997895018349 -0.297046080000000
  205 19.723208669013538 -0.294613920000000
  206 19.819419443008726 -0.293071840000000
  207 19.915630217003912 -0.293003840000000
  208 20.011840990999101 -0.294424480000000
  209 20.108051764994290 -0.296817920000000
  210 20.204262538989479 -0.299622720000000
  211 20.300473312984664 -0.305026880000000
  212 20.396684086979853 -0.315316160000000
  213 20.492894860975042 -0.327140800000000
  214 20.589105634970227 -0.337361440000000
  215 20.685316408965416 -0.345331520000000
  216 20.781527182960605 -0.350000160000000
  217 20.877737956955794 -0.351821600000000
  218 20.973948730950980 -0.352552640000000
  219 21.070159504946169 -0.352632160000000
  220 21.166370278941358 -0.351975200000000
  221 21.262581052936547 -0.350628640000000
  222 21.358791826931732 -0.347220320000000
  223 21.455002600926921 -0.340439840000000
  224 21.551213374922110 -0.331082080000000
  225 21.647424148917295 -0.319839840000000
  226 21.743634922912484 -0.308440480000000
  227 21.839845696907673 -0.301063200000000
  228 21.936056470902862 -0.297579840000000
  229 22.032267244898048 -0.294996000000000
  230 22.128478018893237 -0.292936000000000
  231 22.224688792888426 -0.292201920000000
  232 22.320899566883615 -0.292915840000000
  233 22.417110340878800 -0.294798880000000
  234 22.513321114873989 -0.296981760000000
  235 22.609531888869178 -0.300833120000000
  236 22.705742662864363 -0.309504800000000
  237 22.801953436859552 -0.321217280000000
  238 22.898164210854741 -0.331978720000000
  239 22.994374984849930 -0.340768640000000
  240 23.090585758845116 -0.346699040000000
  241 23.186796532840305 -0.349579040000001
  242 23.283007306835493 -0.351156000000000
  243 23.379218080830682 -0.352350079999999
  244 23.475428854825868 -0.352973760000000
  245 23.571639628821057 -0.353100000000000
  246 23.667850402816246 -0.351755360000000
  247 23.764061176811431 -0.347166880000000
  248 23.860271950806620 -0.339273280000000
  249 23.956482724801809 -0.328230240000000
  250 24.052693498796998 -0.314325120000000
  251 24.148904272792183 -0.301454400000000
  252 24.245115046787372 -0.292308640000000
  253 24.341325820782561 -0.283859360000000
  254 24.437536594777750 -0.273523680000000
  255 24.533747368772936 -0.261448640000000
  256 24.629958142768125 -0.248254560000000
  257 24.726168916763314 -0.234144320000000
  258 24.822379690758499 -0.219201120000000
  259 24.918590464753688 -0.203547840000000
  260 25.014801238748877 -0.187363360000000
  261 25.111012012744066 -0.170914400000000
  262 25.207222786739251 -0.154644960000000
  263 25.303433560734440 -0.139233600000000
  264 25.399644334729629 -0.125497280000000
  265 25.495855108724818 -0.114111360000000
  266 25.592065882720004 -0.105393728000000
  267 25.688276656715193 -0.099170080000000
  268 25.784487430710382 -0.094766672000000
  269 25.880698204705567 -0.091148176000000
  270 25.976908978700756 -0.087234960000000
  271 26.073119752695945 -0.082120944000000
  272 26.169330526691134 -0.075412768000000
  273 26.265541300686319 -0.067278832000000
  274 26.361752074681508 -0.058118816000000
  275 26.457962848676697 -0.048336944000000
  276 26.554173622671886 -0.038194768000000
  277 26.650384396667071 -0.027551201600000
  278 26.746595170662260 -0.016790790240000
  279 26.842805944657449 -0.007776090720000
  280 26.939016718652635 -0.001752517760000
  281 27.035227492647824 -0.000043802624000
  282 27.131438266643013  0.000155616496000
  283 27.227649040638202  0.000157412864000
  284 27.323859814633387  0.000159203088000
  285 27.420070588628576  0.000160996224000
  286 27.516281362623765  0.000162790880000
  287 27.612492136618954  0.000164578720000
  288 27.708702910614139  0.000166374400000
  289 27.804913684609328  0.000168166560000
  290 27.901124458604517  0.000169959840000
  291 27.997335232599703  0.000171753920000
  292 28.093546006594892  0.000173542400000
  293 28.189756780590081  0.000175342080000
  294 28.285967554585270  0.000177132000000
  295 28.382178328580455  0.000178924000000
  296 28.478389102575644  0.000180712000000
  297 28.574599876570833  0.000182506240000
  298 28.670810650566022  0.000184299200000
  299 28.767021424561207  0.000186093760000
  300 28.863232198556396  0.000187882880000
  301 28.959442972551585  0.000189681920000
  302 29.055653746546771  0.000191473120000
  303 29.151864520541960  0.000193263520000
  304 29.248075294537148  0.000195061760000
  305 29.344286068532337  0.000196847200000
  306 29.440496842527523  0.000198645760000
  307 29.536707616522712  0.000200431680000
  308 29.632918390517901  0.000202227520000
  309 29.729129164513090  0.000204022080000
  310 29.825339938508275  0.000205819360000
  311 29.921550712503464  0.000207600000000
  312 30.017761486498653  0.000209385600000
  313 30.113972260493838  0.000211185280000
  314 30.210183034489027  0.000212985600000
  315 30.306393808484216  0.000214785600000
  316 30.402604582479405  0.000216583680000
  317 30.498815356474591  0.000218379360000
  318 30.595026130469780  0.000220170240000
  319 30.691236904464969  0.000221942880000
  320 30.787447678460154  0.000223700000000
  321 30.883658452455343  0.000225500000000
  322 30.979869226450532  0.000227300000000
  323 31.076080000445721  0.000229100000000
  324 31.172290774440906  0.000230900000000
  325 31.268501548436095  0.000232700000000
  326 31.364712322431284  0.000234500000000
  327 31.460923096426473  0.000236300000000
  328 31.557133870421659  0.000238100000000
  329 31.653344644416848  0.000239900000000
  330 31.749555418412037  0.000241700000000
  331 31.845766192407222  0.000243500000000
  332 31.941976966402411  0.000245300000000
  333 32.038187740397596  0.000247000000000
  334 32.134398514392785  0.000248800000000
  335 32.230609288387974  0.000250600000000
  336 32.326820062383163  0.000252400000000
  337 32.423030836378352  0.000254200000000
  338 32.519241610373541  0.000256000000000
  339 32.615452384368730  0.000257800000000
  340 32.711663158363919  0.000259600000000
  341 32.807873932359101  0.000261400000000
  342 32.904084706354290  0.000263200000000
  343 33.000295480349479  0.000265000000000
  344 33.096506254344668  0.000266800000000
  345 33.192717028339857  0.000268600000000
  346 33.288927802335046  0.000270300000000
  347 33.385138576330235  0.000272100000000
  348 33.481349350325416  0.000273900000000
  349 33.577560124320605  0.000275700000000
  350 33.673770898315794  0.000277500000000
  351 33.769981672310983  0.000279300000000
  352 33.866192446306172  0.000281100000000
  353 33.962403220301361  0.000282900000000
  354 34.058613994296550  0.000284700000000
  355 34.154824768291732  0.000286500000000
  356 34.251035542286921  0.000288300000000
  357 34.347246316282110  0.000290100000000
  358 34.443457090277299  0.000291900000000
  359 34.539667864272488  0.000293700000000
  360 34.635878638267677  0.000295400000000
  361 34.732089412262866  0.000297200000000
  362 34.828300186258055  0.000299000000000
  363 34.924510960253237  0.000300800000000
  364 35.020721734248426  0.000302600000000
  365 35.116932508243615  0.000304400000000
  366 35.213143282238804  0.000306200000000
  367 35.309354056233992  0.000308000000000
  368 35.405564830229181  0.000309800000000
  369 35.501775604224370  0.000311600000000
  370 35.597986378219552  0.000313400000000
  371 35.694197152214741  0.000315200000000
  372 35.790407926209930  0.000317000000000
  373 35.886618700205119  0.000318800000000
  374 35.982829474200308  0.000320500000000
  375 36.079040248195497  0.000322300000000
  376 36.175251022190686  0.000324100000000
  377 36.271461796185868  0.000325900000000
  378 36.367672570181057  0.000327700000000
  379 36.463883344176246  0.000329500000000
  380 36.560094118171435  0.000331300000000
  381 36.656304892166624  0.000333100000000
  382 36.752515666161813  0.000334900000000
  383 36.848726440157002  0.000336700000000
  384 36.944937214152191  0.000338500000000
  385 37.041147988147372  0.000340300000000
  386 37.137358762142561  0.000342100000000
  387 37.233569536137750  0.000343800000000
  388 37.329780310132939  0.000345600000000
  389 37.425991084128128  0.000347400000000
  390 37.522201858123317  0.000349200000000
  391 37.618412632118506  0.000351000000000
  392 37.714623406113688  0.000352800000000
  393 37.810834180108877  0.000354600000000
  394 37.907044954104066  0.000356400000000
  395 38.003255728099255  0.000358200000000
  396 38.099466502094444  0.000360000000000
  397 38.195677276089633  0.000361800000000
  398 38.291888050084822  0.000363600000000
  399 38.388098824080004  0.000365400000000
  400 38.484309598075193  0.000367200000000
  401 38.580520372070382  0.000368900000000
  402 38.676731146065570  0.000370700000000
  403 38.772941920060759  0.000372500000000
  404 38.869152694055948  0.000374300000000
  405 38.965363468051137  0.000376100000000
  406 39.061574242046319  0.000377900000000
  407 39.157785016041508  0.000379700000000
  408 39.253995790036697  0.000381500000000
  409 39.350206564031886  0.000383300000000
  410 39.446417338027075  0.000385100000000
  411 39.542628112022264  0.000386900000000
  412 39.638838886017453  0.000388700000000
  413 39.735049660012642  0.000390500000000
  414 39.831260434007824  0.000392200000000
  415 39.927471208003013  0.000394000000000
  416 40.023681981998202  0.000395800000000
  417 40.119892755993391  0.000397600000000
  418 40.216103529988580  0.000399400000000
  419 40.312314303983769  0.000401200000000
  420 40.408525077978958  0.000403000000000
  421 40.504735851974139  0.000404800000000
  422 40.600946625969328  0.000406600000000
  423 40.697157399964517  0.000408400000000
  424 40.793368173959706  0.000410200000000
  425 40.889578947954895  0.000412000000000
  426 40.985789721950084  0.000413800000000
  427 41.082000495945273  0.000415600000000
  428 41.178211269940455  0.000417300000000
  429 41.274422043935644  0.000419100000000
  430 41.370632817930833  0.000420900000000
  431 41.466843591926022  0.000422700000000
  432 41.563054365921211  0.000424500000000
  433 41.659265139916400  0.000426300000000
  434 41.755475913911589  0.000428100000000
  435 41.851686687906778  0.000429900000000
  436 41.947897461901960  0.000431700000000
  437 42.044108235897149  0.000433500000000
  438 42.140319009892337  0.000435300000000
  439 42.236529783887526  0.000437100000000
  440 42.332740557882715  0.000438900000000
  441 42.428951331877904  0.000440700000000
  442 42.525162105873093  0.000442400000000
  443 42.621372879868275  0.000444200000000
  444 42.717583653863464  0.000446000000000
  445 42.813794427858653  0.000447800000000
  446 42.910005201853842  0.000449600000000
  447 43.006215975849031  0.000451400000000
  448 43.102426749844220  0.000453200000000
  449 43.198637523839409  0.000455000000000
  450 43.294848297834591  0.000456800000000
  451 43.391059071829780  0.000458600000000
  452 43.487269845824969  0.000460400000000
  453 43.583480619820158  0.000462200000000
  454 43.679691393815347  0.000464000000000
  455 43.775902167810536  0.000465700000000
  456 43.872112941805725  0.000467500000000
  457 43.968323715800913  0.000469300000000
  458 44.064534489796095  0.000471100000000
  459 44.160745263791284  0.000472900000000
  460 44.256956037786473  0.000474700000000
  461 44.353166811781662  0.000476500000000
  462 44.449377585776851  0.000478300000000
  463 44.545588359772040  0.000480100000000
  464 44.641799133767229  0.000481900000000
  465 44.738009907762411  0.000483700000000
  466 44.834220681757600  0.000485500000000
  467 44.930431455752789  0.000487300000000
  468 45.026642229747978  0.000489100000000
  469 45.122853003743167  0.000490800000000
  470 45.219063777738356  0.000492600000000
  471 45.315274551733545  0.000494400000000
  472 45.411485325728727  0.000496200000000
  473 45.507696099723915  0.000498000000000
  474 45.603906873719104  0.000499800000000
  475 45.700117647714293  0.000501600000000
  476 45.796328421709482  0.000503400000000
  477 45.892539195704671  0.000505200000000
  478 45.988749969699860  0.000507000000000
  479 46.084960743695049  0.000508800000000
  480 46.181171517690231  0.000510600000000
  481 46.277382291685420  0.000512400000000
  482 46.373593065680609  0.000514200000000
  483 46.469803839675798  0.000515900000000
  484 46.566014613670987  0.000517700000000
  485 46.662225387666176  0.000519500000000
  486 46.758436161661365  0.000521300000000
  487 46.854646935656547  0.000523100000000
  488 46.950857709651736  0.000524900000000
  489 47.047068483646925  0.000526700000000
  490 47.143279257642114  0.000528500000000
  491 47.239490031637303  0.000530300000000
  492 47.335700805632491  0.000532100000000
  493 47.431911579627680  0.000533900000000
  494 47.528122353622862  0.000535700000000
  495 47.624333127618051  0.000537500000000
  496 47.720543901613240  0.000539200000000
  497 47.816754675608429  0.000541000000000
  498 47.912965449603618  0.000542800000000
  499 48.009176223598807  0.000544600000000
  500 48.105386997593996  0.000546400000000
  501 48.201597771589185  0.000548200000000
  502 48.297808545584367  0.000550000000000
  503 48.394019319579556  0.000551800000000
  504 48.490230093574745  0.000553600000000
  505 48.586440867569934  0.000555400000000
  506 48.682651641565123  0.000557200000000
  507 48.778862415560312  0.000559000000000
  508 48.875073189555501  0.000560800000000
  509 48.971283963550682  0.000562600000000
  510 49.067494737545871  0.000564300000000
  511 49.163705511541060  0.000566100000000
  512 49.259916285536249  0.000567900000000
  513 49.356127059531438  0.000569700000000
  514 49.452337833526627  0.000571500000000
  515 49.548548607521816  0.000573300000000
  516 49.644759381516998  0.000575100000000
  517 49.740970155512187  0.000576900000000
  518 49.837180929507376  0.000578700000000
  519 49.933391703502565  0.000580500000000
  520 50.029602477497754  0.000582300000000
  521 50.125813251492943  0.000584100000000
  522 50.222024025488132  0.000585900000000
  523 50.318234799483314  0.000587700000000
  524 50.414445573478503  0.000589400000000
  525 50.510656347473692  0.000591200000000
  526 50.606867121468881  0.000593000000000
  527 50.703077895464070  0.000594800000000
  528 50.799288669459258  0.000596600000000
  529 50.895499443454447  0.000598400000000
  530 50.991710217449636  0.000600200000000
  531 51.087920991444818  0.000602000000000
  532 51.184131765440007  0.000603800000000
  533 51.280342539435196  0.000605600000000
  534 51.376553313430385  0.000607400000000
  535 51.472764087425574  0.000609200000000
  536 51.568974861420763  0.000611000000000
  537 51.665185635415952  0.000612700000000
  538 51.761396409411134  0.000614500000000
  539 51.857607183406323  0.000616300000000
  540 51.953817957401512  0.000618100000000
  541 52.050028731396701  0.000619900000000
  542 52.146239505391890  0.000621700000000
  543 52.242450279387079  0.000623500000000
  544 52.338661053382268  0.000625300000000
  545 52.434871827377449  0.000627100000000
  546 52.531082601372638  0.000628900000000
  547 52.627293375367827  0.000630700000000
  548 52.723504149363016  0.000632500000000
  549 52.819714923358205  0.000634300000000
  550 52.915925697353394  0.000636100000000
  551 53.012136471348583  0.000637800000000
  552 53.108347245343772  0.000639600000000
  553 53.204558019338954  0.000641400000000
  554 53.300768793334143  0.000643200000000
  555 53.396979567329332  0.000645000000000
  556 53.493190341324521  0.000646800000000
  557 53.589401115319710  0.000648600000000
  558 53.685611889314899  0.000650400000000
  559 53.781822663310088  0.000652200000000
  560 53.878033437305270  0.000654000000000
  561 53.974244211300459  0.000655800000000
  562 54.070454985295648  0.000657600000000
  563 54.166665759290836  0.000659400000000
  564 54.262876533286025  0.000661200000000
  565 54.359087307281214  0.000662900000000
  566 54.455298081276403  0.000664700000000
  567 54.551508855271585  0.000666500000000
  568 54.647719629266774  0.000668300000000
  569 54.743930403261963  0.000670100000000
  570 54.840141177257152  0.000671900000000
  571 54.936351951252341  0.000673700000000
  572 55.032562725247530  0.000675500000000
  573 55.128773499242719  0.000677300000000
  574 55.224984273237908  0.000679100000000
  575 55.321195047233090  0.000680900000000
  576 55.417405821228279  0.000682700000000
  577 55.513616595223468  0.000684500000000
  578 55.609827369218657  0.000686200000000
  579 55.706038143213846  0.000688000000000
  580 55.802248917209035  0.000689800000000
  581 55.898459691204224  0.000691600000000
  582 55.994670465199405  0.000693400000000
  583 56.090881239194594  0.000695200000000
  584 56.187092013189783  0.000697000000000
  585 56.283302787184972  0.000698800000000
  586 56.379513561180161  0.000700600000000
  587 56.475724335175350  0.000702400000000
  588 56.571935109170539  0.000704200000000
  589 56.668145883165721  0.000706000000000
  590 56.764356657160910  0.000707800000000
  591 56.860567431156099  0.000709600000000
  592 56.956778205151288  0.000711300000000
  593 57.052988979146477  0.000713100000000
  594 57.149199753141666  0.000714900000000
  595 57.245410527136855  0.000716700000000
  596 57.341621301132044  0.000718500000000
  597 57.437832075127226  0.000720300000000
  598 57.534042849122415  0.000722100000000
  599 57.630253623117603  0.000723900000000
  600 57.726464397112792  0.000725700000000
  601 57.822675171107981  0.000727500000000
  602 57.918885945103170  0.000729300000000
  603 58.015096719098359  0.000731100000000
  604 58.111307493093541  0.000732900000000
  605 58.207518267088730  0.000734600000000
  606 58.303729041083919  0.000736400000000
  607 58.399939815079108  0.000738200000000
  608 58.496150589074297  0.000740000000000
  609 58.592361363069486  0.000741800000000
  610 58.688572137064675  0.000743600000000
  611 58.784782911059857  0.000745400000000
  612 58.880993685055046  0.000747200000000
  613 58.977204459050235  0.000749000000000
  614 59.073415233045424  0.000750800000000
  615 59.169626007040613  0.000752600000000
  616 59.265836781035802  0.000754400000000
  617 59.362047555030991  0.000756200000000
  618 59.458258329026179  0.000758000000000
  619 59.554469103021361  0.000759700000000
  620 59.650679877016550  0.000761500000000
  621 59.746890651011739  0.000763300000000
  622 59.843101425006928  0.000765100000000
  623 59.939312199002117  0.000766900000000
  624 60.035522972997306  0.000768700000000
  625 60.131733746992495  0.000770500000000
  626 60.227944520987677  0.000772300000000
  627 60.324155294982866  0.000774100000000
  628 60.420366068978055  0.000775900000000
  629 60.516576842973244  0.000777700000000
  630 60.612787616968433  0.000779500000000
  631 60.708998390963622  0.000781300000000
  632 60.805209164958811  0.000783100000000
  633 60.901419938953993  0.000784800000000
  634 60.997630712949181  0.000786600000000
  635 61.093841486944370  0.000788400000000
  636 61.190052260939559  0.000790200000000
  637 61.286263034934748  0.000792000000000
  638 61.382473808929937  0.000793800000000
  639 61.478684582925126  0.000795600000000
  640 61.574895356920308  0.000797400000000
  641 61.671106130915497  0.000799200000000
  642 61.767316904910686  0.000801000000000
  643 61.863527678905875  0.000802800000000
  644 61.959738452901064  0.000804600000000
  645 62.055949226896253  0.000806400000000
  646 62.152160000891442  0.000808100000000
  647 62.248370774886631  0.000809900000000
  648 62.344581548881813  0.000811700000000
  649 62.440792322877002  0.000813500000000
  650 62.537003096872191  0.000815300000000
  651 62.633213870867380  0.000817100000000
  652 62.729424644862569  0.000818900000000
  653 62.825635418857757  0.000820700000000
  654 62.921846192852946  0.000822500000000
  655 63.018056966848128  0.000824300000000
  656 63.114267740843317  0.000826100000000
  657 63.210478514838506  0.000827900000000
  658 63.306689288833695  0.000829700000000
  659 63.402900062828884  0.000831500000000
  660 63.499110836824073  0.000833200000000
  661 63.595321610819262  0.000835000000000
  662 63.691532384814444  0.000836800000000
  663 63.787743158809633  0.000838600000000
  664 63.883953932804822  0.000840400000000
  665 63.980164706800011  0.000842200000000
  666 64.076375480795193  0.000844000000000
  667 64.172586254790389  0.000845800000000
  668 64.268797028785571  0.000847600000000
  669 64.365007802780767  0.000849400000000
  670 64.461218576775948  0.000851200000000
  671 64.557429350771145  0.000853000000000
  672 64.653640124766326  0.000854800000000
  673 64.749850898761508  0.000856600000000
  674 64.846061672756704  0.000858300000000
  675 64.942272446751886  0.000860100000000
  676 65.038483220747082  0.000861900000000
  677 65.134693994742264  0.000863700000000
  678 65.230904768737460  0.000865500000000
  679 65.327115542732642  0.000867300000000
  680 65.423326316727838  0.000869100000000
  681 65.519537090723020  0.000870900000000
  682 65.615747864718202  0.000872700000000
  683 65.711958638713398  0.000874500000000
  684 65.808169412708580  0.000876300000000
  685 65.904380186703776  0.000878100000000
  686 66.000590960698958  0.000879900000000
  687 66.096801734694154  0.000881600000000
  688 66.193012508689336  0.000883400000000
  689 66.289223282684517  0.000885200000000
  690 66.385434056679713  0.000887000000000
  691 66.481644830674895  0.000888800000000
  692 66.577855604670091  0.000890600000000
  693 66.674066378665273  0.000892400000000
  694 66.770277152660469  0.000894200000000
  695 66.866487926655651  0.000896000000000
  696 66.962698700650833  0.000897800000000
  697 67.058909474646029  0.000899600000000
  698 67.155120248641211  0.000901400000000
  699 67.251331022636407  0.000903200000000
  700 67.347541796631589  0.000905000000000
  701 67.443752570626785  0.000906700000000
  702 67.539963344621967  0.000908500000000
  703 67.636174118617149  0.000910300000000
  704 67.732384892612345  0.000912100000000
  705 67.828595666607526  0.000913900000000
  706 67.924806440602723  0.000915700000000
  707 68.021017214597904  0.000917500000000
  708 68.117227988593100  0.000919300000000
  709 68.213438762588282  0.000921100000000
  710 68.309649536583464  0.000922900000000
  711 68.405860310578660  0.000924700000000
  712 68.502071084573842  0.000926500000000
  713 68.598281858569038  0.000928200000000
  714 68.694492632564220  0.000930100000000
  715 68.790703406559416  0.000931800000000
  716 68.886914180554598  0.000933700000000
  717 68.983124954549780  0.000935400000000
  718 69.079335728544976  0.000937300000000
  719 69.175546502540158  0.000939000000000
  720 69.271757276535354  0.000940900000000
  721 69.367968050530536  0.000942500000000
  722 69.464178824525732  0.000944600000000
  723 69.560389598520914  0.000945900000000
  724 69.656600372516110  0.000948900000000
  725 69.752811146511291  0.000942200000000
  726 69.849021920506473  0.000896100000000
  727 69.945232694501669  0.000811900000000
  728 70.041443468496851  0.000706500000000
