    0  0.000000000000000  0.000689600000000
    1  0.096210773995188  0.000689400000000
    2  0.192421547990376  0.000688800000000
    3  0.288632321985564  0.000687500000000
    4  0.384843095980752  0.000685700000000
    5  0.481053869975940  0.000683800000000
    6  0.577264643971128  0.000681900000000
    7  0.673475417966316  0.000680000000000
    8  0.769686191961504  0.000678100000000
    9  0.865896965956692  0.000676200000000
   10  0.962107739951880  0.000674300000000
   11  1.058318513947068  0.000672400000000
   12  1.154529287942256  0.000670500000000
   13  1.250740061937444  0.000668600000000
   14  1.346950835932632  0.000666700000000
   15  1.443161609927820  0.000664800000000
   16  1.539372383923008  0.000662900000000
   17  1.635583157918196  0.000661000000000
   18  1.731793931913384  0.000659100000000
   19  1.828004705908572  0.000657200000000
   20  1.924215479903760  0.000655300000000
   21  2.020426253898948  0.000653400000000
   22  2.116637027894136  0.000651500000000
   23  2.212847801889324  0.000649600000000
   24  2.309058575884512  0.000647700000000
   25  2.405269349879700  0.000645800000000
   26  2.501480123874888  0.000643900000000
   27  2.597690897870076  0.000642000000000
   28  2.693901671865264  0.000640000000000
   29  2.790112445860452  0.000638100000000
   30  2.886323219855639  0.000636200000000
   31  2.982533993850828  0.000634300000000
   32  3.078744767846016  0.000632400000000
   33  3.174955541841204  0.000630500000000
   34  3.271166315836392  0.000628600000000
   35  3.367377089831579  0.000626700000000
   36  3.463587863826767  0.000624800000000
   37  3.559798637821955  0.000622900000000
   38  3.656009411817144  0.000621000000000
   39  3.752220185812332  0.000619100000000
   40  3.848430959807519  0.000617200000000
   41  3.944641733802707  0.000615300000000
   42  4.040852507797895  0.000613400000000
   43  4.137063281793083  0.000611500000000
   44  4.233274055788272  0.000609600000000
   45  4.329484829783460  0.000607700000000
   46  4.425695603778648  0.000605800000000
   47  4.521906377773836  0.000603900000000
   48  4.618117151769024  0.000602000000000
   49  4.714327925764211  0.000600100000000
   50  4.810538699759399  0.000598200000000
   51  4.906749473754587  0.000596300000000
   52  5.002960247749775  0.000594400000000
   53  5.099171021744963  0.000592500000000
   54  5.195381795740151  0.000590600000000
   55  5.291592569735339  0.000588700000000
   56  5.387803343730527  0.000586800000000
   57  5.484014117725716  0.000584900000000
   58  5.580224891720904  0.000583000000000
   59  5.676435665716091  0.000581100000000
   60  5.772646439711279  0.000579200000000
   61  5.868857213706467  0.000577300000000
   62  5.965067987701655  0.000575400000000
   63  6.061278761696843  0.000573500000000
   64  6.157489535692031  0.000571600000000
   65  6.253700309687219  0.000569700000000
   66  6.349911083682407  0.000567800000000
   67  6.446121857677595  0.000565900000000
   68  6.542332631672783  0.000564000000000
   69  6.638543405667972  0.000562100000000
   70  6.734754179663159  0.000560200000000
   71  6.830964953658347  0.000558300000000
   72  6.927175727653535  0.000556400000000
   73  7.023386501648723  0.000554500000000
   74  7.119597275643911  0.000552600000000
   75  7.215808049639099  0.000550700000000
   76  7.312018823634287  0.000548700000000
   77  7.408229597629475  0.000546800000000
   78  7.504440371624663  0.000544900000000
   79  7.600651145619851  0.000543000000000
   80  7.696861919615039  0.000541100000000
   81  7.793072693610227  0.000539200000000
   82  7.889283467605415  0.000537300000000
   83  7.985494241600603  0.000535400000000
   84  8.081705015595791  0.000533500000000
   85  8.177915789590980  0.000531600000000
   86  8.274126563586167  0.000529700000000
   87  8.370337337581354  0.000527800000000
   88  8.466548111576543  0.000525900000000
   89  8.562758885571730  0.000524000000000
   90  8.658969659566919  0.000522100000000
   91  8.755180433562106  0.000520200000000
   92  8.851391207557295  0.000518300000000
   93  8.947601981552483  0.000516400000000
   94  9.043812755547672  0.000514500000000
   95  9.140023529542859  0.000512600000000
   96  9.236234303538048  0.000510700000000
   97  9.332445077533235  0.000508800000000
   98  9.428655851528422  0.000506900000000
   99  9.524866625523611  0.000505000000000
  100  9.621077399518798  0.000503100000000
  101  9.717288173513987  0.000501200000000
  102  9.813498947509174  0.000499300000000
  103  9.909709721504363  0.000497400000000
  104 10.005920495499550  0.000495500000000
  105 10.102131269494739  0.000493600000000
  106 10.198342043489927  0.000491700000000
  107 10.294552817485114  0.000489800000000
  108 10.390763591480303  0.000487900000000
  109 10.486974365475490  0.000461316960000
  110 10.583185139470679  0.000388693920000
  111 10.679395913465866  0.000285463296000
  112 10.775606687461055  0.000167125147184
  113 10.871817461456242  0.000064951604960
  114 10.968028235451431 -0.000020853137600
  115 11.064239009446618 -0.000093103822400
  116 11.160449783441807 -0.000151408999360
  117 11.256660557436994 -0.000204549936000
  118 11.352871331432182 -0.000226046672000
  119 11.449082105427371 -0.000236676592000
  120 11.545292879422558 -0.000251954080000
  121 11.641503653417747 -0.000247794080000
  122 11.737714427412934 -0.000236672000000
  123 11.833925201408123 -0.000219218464000
  124 11.930135975403310 -0.000199428768000
  125 12.026346749398499 -0.000182528212800
  126 12.122557523393686 -0.000170514080000
  127 12.218768297388875 -0.000164641344000
  128 12.314979071384062 -0.000166486704000
  129 12.411189845379250 -0.000175819024000
  130 12.507400619374438 -0.000194205696000
  131 12.603611393369626 -0.000219506880000
  132 12.699822167364815 -0.000248083520000
  133 12.796032941360002 -0.000274970816000
  134 12.892243715355191 -0.000280774016000
  135 12.988454489350378 -0.000279711136000
  136 13.084665263345567 -0.000285186040000
  137 13.180876037340754 -0.000305839243200
  138 13.277086811335943 -0.000334035040000
  139 13.373297585331130 -0.000356066080000
  140 13.469508359326317 -0.000365766032000
  141 13.565719133321506 -0.000363019936000
  142 13.661929907316694 -0.000351938444800
  143 13.758140681311883 -0.000341263780800
  144 13.854351455307070 -0.000336998624000
  145 13.950562229302259 -0.000337579776000
  146 14.046773003297446 -0.000343693632000
  147 14.142983777292635 -0.000352696912000
  148 14.239194551287822 -0.000359697760000
  149 14.335405325283011 -0.000364208960000
  150 14.431616099278198 -0.000366288816000
  151 14.527826873273385 -0.000368662048000
  152 14.624037647268574 -0.000374844096000
  153 14.720248421263761 -0.000383677920000
  154 14.816459195258950 -0.000395606720000
  155 14.912669969254138 -0.000416981120000
  156 15.008880743249327 -0.000451674080000
  157 15.105091517244514 -0.000499972960000
  158 15.201302291239703 -0.000531556640000
  159 15.297513065234890 -0.000550457760000
  160 15.393723839230077 -0.000578567040000
  161 15.489934613225266 -0.000622181600000
  162 15.586145387220453 -0.000672845440000
  163 15.682356161215642 -0.000717645760000
  164 15.778566935210829 -0.000748426880000
  165 15.874777709206018 -0.000761157760000
  166 15.970988483201205 -0.000755074560000
  167 16.067199257196393 -0.000733854080000
  168 16.163410031191582 -0.000710607520000
  169 16.259620805186771 -0.000696412960000
  170 16.355831579181960 -0.000694241920000
  171 16.452042353177145 -0.000699775520000
  172 16.548253127172334 -0.000703389920000
  173 16.644463901167523 -0.000696900640000
  174 16.740674675162708 -0.000678918880000
  175 16.836885449157897 -0.000659190720000
  176 16.933096223153086 -0.000656267040000
  177 17.029306997148275 -0.000682952000000
  178 17.125517771143461 -0.000738751200000
  179 17.221728545138649 -0.000815589280000
  180 17.317939319133838 -0.000908649920000
  181 17.414150093129027 -0.001015500160000
  182 17.510360867124213 -0.001107043520000
  183 17.606571641119402 -0.001165438560000
  184 17.702782415114591 -0.001209980000000
  185 17.798993189109776 -0.001253513600000
  186 17.895203963104965 -0.001316986560000
  187 17.991414737100154 -0.001392558560000
  188 18.087625511095343 -0.001460498720000
  189 18.183836285090528 -0.001512880000000
  190 18.280047059085717 -0.001533918080000
  191 18.376257833080906 -0.001515604960000
  192 18.472468607076095 -0.001483865120000
  193 18.568679381071281 -0.001457441120000
  194 18.664890155066470 -0.001435120640000
  195 18.761100929061659 -0.001424092640000
  196 18.857311703056844 -0.001412824960000
  197 18.953522477052033 -0.001419215520000
  198 19.049733251047222 -0.001412883840000
  199 19.145944025042411 -0.001390806080000
  200 19.242154799037596 -0.001400738880000
  201 19.338365573032785 -0.001441718240000
  202 19.434576347027974 -0.001493987568000
  203 19.530787121023160 -0.001588138400000
  204 19.626997895018349 -0.001702919360000
  205 19.723208669013538 -0.001807617920000
  206 19.819419443008726 -0.001967698880000
  207 19.915630217003912 -0.002074432000000
  208 20.011840990999101 -0.002132014400000
  209 20.108051764994290 -0.002183516800000
  210 20.204262538989479 -0.002227862400000
  211 20.300473312984664 -0.002286816000000
  212 20.396684086979853 -0.002353051200000
  213 20.492894860975042 -0.002418492800000
  214 20.589105634970227 -0.002469760000000
  215 20.685316408965416 -0.002544523200000
  216 20.781527182960605 -0.002541267200000
  217 20.877737956955794 -0.002528364800000
  218 20.973948730950980 -0.002563105600000
  219 21.070159504946169 -0.002552507200000
  220 21.166370278941358 -0.002508536000000
  221 21.262581052936547 -0.002470887040000
  222 21.358791826931732 -0.002405145120000
  223 21.455002600926921 -0.002329830400000
  224 21.551213374922110 -0.002349950400000
  225 21.647424148917295 -0.002471801600000
  226 21.743634922912484 -0.002703832000000
  227 21.839845696907673 -0.002966867040000
  228 21.936056470902862 -0.003330001600000
  229 22.032267244898048 -0.003657058560000
  230 22.128478018893237 -0.004017792160000
  231 22.224688792888426 -0.004198399568000
  232 22.320899566883615 -0.004136489600000
  233 22.417110340878800 -0.004130049600000
  234 22.513321114873989 -0.004238971200000
  235 22.609531888869178 -0.004419870400000
  236 22.705742662864363 -0.004606180800000
  237 22.801953436859552 -0.004792412800000
  238 22.898164210854741 -0.004928651200000
  239 22.994374984849930 -0.005003216800000
  240 23.090585758845116 -0.005150552000000
  241 23.186796532840305 -0.005098638400000
  242 23.283007306835493 -0.004908165440000
  243 23.379218080830682 -0.005056641760000
  244 23.475428854825868 -0.005285955200000
  245 23.571639628821057 -0.005449744000000
  246 23.667850402816246 -0.005646161600000
  247 23.764061176811431 -0.005653384480000
  248 23.860271950806620 -0.006002055680000
  249 23.956482724801809 -0.006550691200000
  250 24.052693498796998 -0.006862339200000
  251 24.148904272792183 -0.007353414400000
  252 24.245115046787372 -0.007898678400000
  253 24.341325820782561 -0.008492020800000
  254 24.437536594777750 -0.009058628800000
  255 24.533747368772936 -0.009724379200000
  256 24.629958142768125 -0.010558795200000
  257 24.726168916763314 -0.011296640000000
  258 24.822379690758499 -0.011859739200000
  259 24.918590464753688 -0.012337552000000
  260 25.014801238748877 -0.013183049600000
  261 25.111012012744066 -0.014237040000000
  262 25.207222786739251 -0.014991456000000
  263 25.303433560734440 -0.015852064000000
  264 25.399644334729629 -0.017180288000000
  265 25.495855108724818 -0.018814976000000
  266 25.592065882720004 -0.020521680000000
  267 25.688276656715193 -0.022390848000000
  268 25.784487430710382 -0.024472592000000
  269 25.880698204705567 -0.026700832000000
  270 25.976908978700756 -0.028989040000000
  271 26.073119752695945 -0.031269792000000
  272 26.169330526691134 -0.033489040000000
  273 26.265541300686319 -0.035574368000000
  274 26.361752074681508 -0.037413776000000
  275 26.457962848676697 -0.038846928000000
  276 26.554173622671886 -0.039727408000000
  277 26.650384396667071 -0.041603744000000
  278 26.746595170662260 -0.046826496000000
  279 26.842805944657449 -0.052909472000000
  280 26.939016718652635 -0.057768432000000
  281 27.035227492647824 -0.061076400000000
  282 27.131438266643013 -0.062194208000000
  283 27.227649040638202 -0.064652512000000
  284 27.323859814633387 -0.068532112000000
  285 27.420070588628576 -0.072017696000000
  286 27.516281362623765 -0.075615408000000
  287 27.612492136618954 -0.079913216000000
  288 27.708702910614139 -0.084978224000000
  289 27.804913684609328 -0.090594528000000
  290 27.901124458604517 -0.096644256000000
  291 27.997335232599703 -0.103260480000000
  292 28.093546006594892 -0.110738240000000
  293 28.189756780590081 -0.119434240000000
  294 28.285967554585270 -0.129570240000000
  295 28.382178328580455 -0.141198720000000
  296 28.478389102575644 -0.154252480000000
  297 28.574599876570833 -0.168505600000000
  298 28.670810650566022 -0.183647520000000
  299 28.767021424561207 -0.199365440000000
  300 28.863232198556396 -0.215379680000000
  301 28.959442972551585 -0.231403360000000
  302 29.055653746546771 -0.247164320000000
  303 29.151864520541960 -0.262278240000000
  304 29.248075294537148 -0.276340320000000
  305 29.344286068532337 -0.289139359999999
  306 29.440496842527523 -0.300041600000000
  307 29.536707616522712 -0.309064000000000
  308 29.632918390517901 -0.319073600000000
  309 29.729129164513090 -0.332727680000000
  310 29.825339938508275 -0.346840480000000
  311 29.921550712503464 -0.357810080000000
  312 30.017761486498653 -0.365597760000000
  313 30.113972260493838 -0.369925120000000
  314 30.210183034489027 -0.371073600000000
  315 30.306393808484216 -0.370882560000000
  316 30.402604582479405 -0.370173440000000
  317 30.498815356474591 -0.368887040000000
  318 30.595026130469780 -0.367189920000000
  319 30.691236904464969 -0.364006080000000
  320 30.787447678460154 -0.357685120000000
  321 30.883658452455343 -0.348624160000000
  322 30.979869226450532 -0.337654400000000
  323 31.076080000445721 -0.326016160000000
  324 31.172290774440906 -0.317869440000000
  325 31.268501548436095 -0.314340000000000
  326 31.364712322431284 -0.312199360000000
  327 31.460923096426473 -0.310419360000000
  328 31.557133870421659 -0.309877920000000
  329 31.653344644416848 -0.310799840000000
  330 31.749555418412037 -0.312996960000000
  331 31.845766192407222 -0.315634400000000
  332 31.941976966402411 -0.319389120000000
  333 32.038187740397596 -0.327330720000000
  334 32.134398514392785 -0.338949120000000
  335 32.230609288387974 -0.350078720000000
  336 32.326820062383163 -0.359256160000000
  337 32.423030836378352 -0.365722880000000
  338 32.519241610373541 -0.368841119999999
  339 32.615452384368730 -0.370073600000000
  340 32.711663158363919 -0.370645280000000
  341 32.807873932359101 -0.370453920000000
  342 32.904084706354290 -0.369618400000000
  343 33.000295480349479 -0.367557760000000
  344 33.096506254344668 -0.362498080000000
  345 33.192717028339857 -0.354237440000000
  346 33.288927802335046 -0.343794240000000
  347 33.385138576330235 -0.331886880000000
  348 33.481349350325416 -0.321976320000000
  349 33.577560124320605 -0.316961280000000
  350 33.673770898315794 -0.314227840000000
  351 33.769981672310983 -0.311864800000001
  352 33.866192446306172 -0.310572160000000
  353 33.962403220301361 -0.310786880000000
  354 34.058613994296550 -0.312451040000000
  355 34.154824768291732 -0.314910560000000
  356 34.251035542286921 -0.317983200000000
  357 34.347246316282110 -0.324371680000000
  358 34.443457090277299 -0.335422080000000
  359 34.539667864272488 -0.347141280000000
  360 34.635878638267677 -0.357078240000000
  361 34.732089412262866 -0.364591200000000
  362 34.828300186258055 -0.368689599999999
  363 34.924510960253237 -0.370294880000000
  364 35.020721734248426 -0.371019360000000
  365 35.116932508243615 -0.371019360000000
  366 35.213143282238804 -0.370294880000000
  367 35.309354056233992 -0.368689600000000
  368 35.405564830229181 -0.364591200000000
  369 35.501775604224370 -0.357078240000000
  370 35.597986378219552 -0.347141280000000
  371 35.694197152214741 -0.335422080000000
  372 35.790407926209930 -0.324371680000000
  373 35.886618700205119 -0.317983200000000
  374 35.982829474200308 -0.314910560000000
  375 36.079040248195497 -0.312451040000000
  376 36.175251022190686 -0.310786880000000
  377 36.271461796185868 -0.310572160000000
  378 36.367672570181057 -0.311864800000000
  379 36.463883344176246 -0.314227840000000
  380 36.560094118171435 -0.316961280000000
  381 36.656304892166624 -0.321976319999999
  382 36.752515666161813 -0.331886879999999
  383 36.848726440157002 -0.343794240000000
  384 36.944937214152191 -0.354237440000000
  385 37.041147988147372 -0.362498080000000
  386 37.137358762142561 -0.367557760000000
  387 37.233569536137750 -0.369618400000000
  388 37.329780310132939 -0.370453920000000
  389 37.425991084128128 -0.370645280000000
  390 37.522201858123317 -0.370073600000000
  391 37.618412632118506 -0.368841120000000
  392 37.714623406113688 -0.365722880000000
  393 37.810834180108877 -0.359256160000000
  394 37.907044954104066 -0.350078720000000
  395 38.003255728099255 -0.338949120000000
  396 38.099466502094444 -0.327330720000001
  397 38.195677276089633 -0.319389120000000
  398 38.291888050084822 -0.315634400000000
  399 38.388098824080004 -0.312996960000000
  400 38.484309598075193 -0.310799840000000
  401 38.580520372070382 -0.309877920000000
  402 38.676731146065570 -0.310419360000001
  403 38.772941920060759 -0.312199360000000
  404 38.869152694055948 -0.314340000000000
  405 38.965363468051137 -0.317869440000001
  406 39.061574242046319 -0.326016160000000
  407 39.157785016041508 -0.337654400000000
  408 39.253995790036697 -0.348624160000000
  409 39.350206564031886 -0.357685120000000
  410 39.446417338027075 -0.364006080000000
  411 39.542628112022264 -0.367189920000000
  412 39.638838886017453 -0.368887040000000
  413 39.735049660012642 -0.370173440000000
  414 39.831260434007824 -0.370882560000000
  415 39.927471208003013 -0.371073600000000
  416 40.023681981998202 -0.369925120000000
  417 40.119892755993391 -0.365597760000000
  418 40.216103529988580 -0.357810080000000
  419 40.312314303983769 -0.346840480000000
  420 40.408525077978958 -0.332727680000000
  421 40.504735851974139 -0.319073600000000
  422 40.600946625969328 -0.309064000000000
  423 40.697157399964517 -0.300041600000000
  424 40.793368173959706 -0.289139360000000
  425 40.889578947954895 -0.276340320000000
  426 40.985789721950084 -0.262278240000000
  427 41.082000495945273 -0.247164320000000
  428 41.178211269940455 -0.231403360000000
  429 41.274422043935644 -0.215379680000000
  430 41.370632817930833 -0.199365440000000
  431 41.466843591926022 -0.183647520000000
  432 41.563054365921211 -0.168505600000000
  433 41.659265139916400 -0.154252480000000
  434 41.755475913911589 -0.141198720000000
  435 41.851686687906778 -0.129570240000000
  436 41.947897461901960 -0.119434240000000
  437 42.044108235897149 -0.110738240000000
  438 42.140319009892337 -0.103260480000000
  439 42.236529783887526 -0.096644256000000
  440 42.332740557882715 -0.090594528000000
  441 42.428951331877904 -0.084978224000000
  442 42.525162105873093 -0.079913216000000
  443 42.621372879868275 -0.075615408000000
  444 42.717583653863464 -0.072017696000000
  445 42.813794427858653 -0.068532112000000
  446 42.910005201853842 -0.064652512000000
  447 43.006215975849031 -0.062194208000000
  448 43.102426749844220 -0.061076400000000
  449 43.198637523839409 -0.057768432000000
  450 43.294848297834591 -0.052909472000000
  451 43.391059071829780 -0.046826496000000
  452 43.487269845824969 -0.041603744000000
  453 43.583480619820158 -0.039727408000000
  454 43.679691393815347 -0.038846928000000
  455 43.775902167810536 -0.037413776000000
  456 43.872112941805725 -0.035574368000000
  457 43.968323715800913 -0.033489040000000
  458 44.064534489796095 -0.031269792000000
  459 44.160745263791284 -0.028989040000000
  460 44.256956037786473 -0.026700832000000
  461 44.353166811781662 -0.024472592000000
  462 44.449377585776851 -0.022390848000000
  463 44.545588359772040 -0.020521680000000
  464 44.641799133767229 -0.018814976000000
  465 44.738009907762411 -0.017180288000000
  466 44.834220681757600 -0.015852080000000
  467 44.930431455752789 -0.014991456000000
  468 45.026642229747978 -0.014237040000000
  469 45.122853003743167 -0.013183049600000
  470 45.219063777738356 -0.012337552000000
  471 45.315274551733545 -0.011859739200000
  472 45.411485325728727 -0.011296640000000
  473 45.507696099723915 -0.010558795200000
  474 45.603906873719104 -0.009724379200000
  475 45.700117647714293 -0.009058628800000
  476 45.796328421709482 -0.008492022400000
  477 45.892539195704671 -0.007898678400000
  478 45.988749969699860 -0.007353414400000
  479 46.084960743695049 -0.006862337600000
  480 46.181171517690231 -0.006550691200000
  481 46.277382291685420 -0.006002055680000
  482 46.373593065680609 -0.005653382880000
  483 46.469803839675798 -0.005646161600000
  484 46.566014613670987 -0.005449744000000
  485 46.662225387666176 -0.005285955200000
  486 46.758436161661365 -0.005056641760000
  487 46.854646935656547 -0.004908165440000
  488 46.950857709651736 -0.005098638400000
  489 47.047068483646925 -0.005150568000000
  490 47.143279257642114 -0.005003216800000
  491 47.239490031637303 -0.004928651200000
  492 47.335700805632491 -0.004792412800000
  493 47.431911579627680 -0.004606180800000
  494 47.528122353622862 -0.004419870400000
  495 47.624333127618051 -0.004238969600000
  496 47.720543901613240 -0.004130049600000
  497 47.816754675608429 -0.004136491200000
  498 47.912965449603618 -0.004198400944000
  499 48.009176223598807 -0.004017790560000
  500 48.105386997593996 -0.003657058720000
  501 48.201597771589185 -0.003330001600000
  502 48.297808545584367 -0.002966867040000
  503 48.394019319579556 -0.002703830400000
  504 48.490230093574745 -0.002471801600000
  505 48.586440867569934 -0.002349950400000
  506 48.682651641565123 -0.002329830400000
  507 48.778862415560312 -0.002405161280000
  508 48.875073189555501 -0.002470885440000
  509 48.971283963550682 -0.002508536000000
  510 49.067494737545871 -0.002552507200000
  511 49.163705511541060 -0.002563105600000
  512 49.259916285536249 -0.002528364800000
  513 49.356127059531438 -0.002541268800000
  514 49.452337833526627 -0.002544524800000
  515 49.548548607521816 -0.002469760000000
  516 49.644759381516998 -0.002418492800000
  517 49.740970155512187 -0.002353051200000
  518 49.837180929507376 -0.002286816000000
  519 49.933391703502565 -0.002227862400000
  520 50.029602477497754 -0.002183515200000
  521 50.125813251492943 -0.002132012800000
  522 50.222024025488132 -0.002074432000000
  523 50.318234799483314 -0.001967699040000
  524 50.414445573478503 -0.001807619680000
  525 50.510656347473692 -0.001702919520000
  526 50.606867121468881 -0.001588138240000
  527 50.703077895464070 -0.001493987376000
  528 50.799288669459258 -0.001441718240000
  529 50.895499443454447 -0.001400738880000
  530 50.991710217449636 -0.001390807520000
  531 51.087920991444818 -0.001412883840000
  532 51.184131765440007 -0.001419215520000
  533 51.280342539435196 -0.001412825440000
  534 51.376553313430385 -0.001424092640000
  535 51.472764087425574 -0.001435120640000
  536 51.568974861420763 -0.001457440800000
  537 51.665185635415952 -0.001483865120000
  538 51.761396409411134 -0.001515603520000
  539 51.857607183406323 -0.001533915360000
  540 51.953817957401512 -0.001512881600000
  541 52.050028731396701 -0.001460498720000
  542 52.146239505391890 -0.001392558560000
  543 52.242450279387079 -0.001316986400000
  544 52.338661053382268 -0.001253513600000
  545 52.434871827377449 -0.001209980000000
  546 52.531082601372638 -0.001165440160000
  547 52.627293375367827 -0.001107043360000
  548 52.723504149363016 -0.001015502080000
  549 52.819714923358205 -0.000908650080000
  550 52.915925697353394 -0.000815589120000
  551 53.012136471348583 -0.000738751520000
  552 53.108347245343772 -0.000682952480000
  553 53.204558019338954 -0.000656266560000
  554 53.300768793334143 -0.000659190400000
  555 53.396979567329332 -0.000678918720000
  556 53.493190341324521 -0.000696900000000
  557 53.589401115319710 -0.000703389920000
  558 53.685611889314899 -0.000699774880000
  559 53.781822663310088 -0.000694241600000
  560 53.878033437305270 -0.000696412320000
  561 53.974244211300459 -0.000710607840000
  562 54.070454985295648 -0.000733853600000
  563 54.166665759290836 -0.000755075040000
  564 54.262876533286025 -0.000761158080000
  565 54.359087307281214 -0.000748427360000
  566 54.455298081276403 -0.000717646080000
  567 54.551508855271585 -0.000672845920000
  568 54.647719629266774 -0.000622181920000
  569 54.743930403261963 -0.000578567200000
  570 54.840141177257152 -0.000550458400000
  571 54.936351951252341 -0.000531556640000
  572 55.032562725247530 -0.000499974400000
  573 55.128773499242719 -0.000451674720000
  574 55.224984273237908 -0.000416981440000
  575 55.321195047233090 -0.000395608160000
  576 55.417405821228279 -0.000383678880000
  577 55.513616595223468 -0.000374844576000
  578 55.609827369218657 -0.000368662528000
  579 55.706038143213846 -0.000366289136000
  580 55.802248917209035 -0.000364209024000
  581 55.898459691204224 -0.000359697440000
  582 55.994670465199405 -0.000352696688000
  583 56.090881239194594 -0.000343693232000
  584 56.187092013189783 -0.000337579256000
  585 56.283302787184972 -0.000336998336000
  586 56.379513561180161 -0.000341263326400
  587 56.475724335175350 -0.000351938057600
  588 56.571935109170539 -0.000363020064000
  589 56.668145883165721 -0.000365765888000
  590 56.764356657160910 -0.000356065600000
  591 56.860567431156099 -0.000334034560000
  592 56.956778205151288 -0.000305838273600
  593 57.052988979146477 -0.000285186070400
  594 57.149199753141666 -0.000279711152000
  595 57.245410527136855 -0.000280773376000
  596 57.341621301132044 -0.000274970976000
  597 57.437832075127226 -0.000248083520000
  598 57.534042849122415 -0.000219507360000
  599 57.630253623117603 -0.000194206288000
  600 57.726464397112792 -0.000175819088000
  601 57.822675171107981 -0.000166486688000
  602 57.918885945103170 -0.000164641600000
  603 58.015096719098359 -0.000170514416000
  604 58.111307493093541 -0.000182529032000
  605 58.207518267088730 -0.000199429088000
  606 58.303729041083919 -0.000219218784000
  607 58.399939815079108 -0.000236672320000
  608 58.496150589074297 -0.000247794400000
  609 58.592361363069486 -0.000251954720000
  610 58.688572137064675 -0.000236676752000
  611 58.784782911059857 -0.000226046800000
  612 58.880993685055046 -0.000204550096000
  613 58.977204459050235 -0.000151409050400
  614 59.073415233045424 -0.000093104054400
  615 59.169626007040613 -0.000020853259200
  616 59.265836781035802  0.000064951539520
  617 59.362047555030991  0.000167124967008
  618 59.458258329026179  0.000285462976000
  619 59.554469103021361  0.000388693920000
  620 59.650679877016550  0.000461317760000
  621 59.746890651011739  0.000487900000000
  622 59.843101425006928  0.000489800000000
  623 59.939312199002117  0.000491700000000
  624 60.035522972997306  0.000493600000000
  625 60.131733746992495  0.000495500000000
  626 60.227944520987677  0.000497400000000
  627 60.324155294982866  0.000499300000000
  628 60.420366068978055  0.000501200000000
  629 60.516576842973244  0.000503100000000
  630 60.612787616968433  0.000505000000000
  631 60.708998390963622  0.000506900000000
  632 60.805209164958811  0.000508800000000
  633 60.901419938953993  0.000510700000000
  634 60.997630712949181  0.000512600000000
  635 61.093841486944370  0.000514500000000
  636 61.190052260939559  0.000516400000000
  637 61.286263034934748  0.000518300000000
  638 61.382473808929937  0.000520200000000
  639 61.478684582925126  0.000522100000000
  640 61.574895356920308  0.000524000000000
  641 61.671106130915497  0.000525900000000
  642 61.767316904910686  0.000527800000000
  643 61.863527678905875  0.000529700000000
  644 61.959738452901064  0.000531600000000
  645 62.055949226896253  0.000533500000000
  646 62.152160000891442  0.000535400000000
  647 62.248370774886631  0.000537300000000
  648 62.344581548881813  0.000539200000000
  649 62.440792322877002  0.000541100000000
  650 62.537003096872191  0.000543000000000
  651 62.633213870867380  0.000544900000000
  652 62.729424644862569  0.000546800000000
  653 62.825635418857757  0.000548700000000
  654 62.921846192852946  0.000550700000000
  655 63.018056966848128  0.000552600000000
  656 63.114267740843317  0.000554500000000
  657 63.210478514838506  0.000556400000000
  658 63.306689288833695  0.000558300000000
  659 63.402900062828884  0.000560200000000
  660 63.499110836824073  0.000562100000000
  661 63.595321610819262  0.000564000000000
  662 63.691532384814444  0.000565900000000
  663 63.787743158809633  0.000567800000000
  664 63.883953932804822  0.000569700000000
  665 63.980164706800011  0.000571600000000
  666 64.076375480795193  0.000573500000000
  667 64.172586254790389  0.000575400000000
  668 64.268797028785571  0.000577300000000
  669 64.365007802780767  0.000579200000000
  670 64.461218576775948  0.000581100000000
  671 64.557429350771145  0.000583000000000
  672 64.653640124766326  0.000584900000000
  673 64.749850898761508  0.000586800000000
  674 64.846061672756704  0.000588700000000
  675 64.942272446751886  0.000590600000000
  676 65.038483220747082  0.000592500000000
  677 65.134693994742264  0.000594400000000
  678 65.230904768737460  0.000596300000000
  679 65.327115542732642  0.000598200000000
  680 65.423326316727838  0.000600100000000
  681 65.519537090723020  0.000602000000000
  682 65.615747864718202  0.000603900000000
  683 65.711958638713398  0.000605800000000
  684 65.808169412708580  0.000607700000000
  685 65.904380186703776  0.000609600000000
  686 66.000590960698958  0.000611500000000
  687 66.096801734694154  0.000613400000000
  688 66.193012508689336  0.000615300000000
  689 66.289223282684517  0.000617200000000
  690 66.385434056679713  0.000619100000000
  691 66.481644830674895  0.000621000000000
  692 66.577855604670091  0.000622900000000
  693 66.674066378665273  0.000624800000000
  694 66.770277152660469  0.000626700000000
  695 66.866487926655651  0.000628600000000
  696 66.962698700650833  0.000630500000000
  697 67.058909474646029  0.000632400000000
  698 67.155120248641211  0.000634300000000
  699 67.251331022636407  0.000636200000000
  700 67.347541796631589  0.000638100000000
  701 67.443752570626785  0.000640000000000
  702 67.539963344621967  0.000642000000000
  703 67.636174118617149  0.000643900000000
  704 67.732384892612345  0.000645800000000
  705 67.828595666607526  0.000647700000000
  706 67.924806440602723  0.000649600000000
  707 68.021017214597904  0.000651500000000
  708 68.117227988593100  0.000653400000000
  709 68.213438762588282  0.000655300000000
  710 68.309649536583464  0.000657200000000
  711 68.405860310578660  0.000659100000000
  712 68.502071084573842  0.000661000000000
  713 68.598281858569038  0.000662900000000
  714 68.694492632564220  0.000664800000000
  715 68.790703406559416  0.000666700000000
  716 68.886914180554598  0.000668600000000
  717 68.983124954549780  0.000670500000000
  718 69.079335728544976  0.000672400000000
  719 69.175546502540158  0.000674300000000
  720 69.271757276535354  0.000676200000000
  721 69.367968050530536  0.000678100000000
  722 69.464178824525732  0.000680000000000
  723 69.560389598520914  0.000681900000000
  724 69.656600372516110  0.000683800000000
  725 69.752811146511291  0.000685600000000
  726 69.849021920506473  0.000687200000000
  727 69.945232694501669  0.000688400000000
  728 70.041443468496851  0.000689200000000
