    0  0.000000000000000  0.000635300000000
    1  0.096210773995188  0.000620400000000
    2  0.192421547990376  0.000607900000000
    3  0.288632321985564  0.000600100000000
    4  0.384843095980752  0.000597200000000
    5  0.481053869975940  0.000595600000000
    6  0.577264643971128  0.000593800000000
    7  0.673475417966316  0.000592000000000
    8  0.769686191961504  0.000590200000000
    9  0.865896965956692  0.000588500000000
   10  0.962107739951880  0.000586700000000
   11  1.058318513947068  0.000584900000000
   12  1.154529287942256  0.000583100000000
   13  1.250740061937444  0.000581400000000
   14  1.346950835932632  0.000579600000000
   15  1.443161609927820  0.000577800000000
   16  1.539372383923008  0.000576000000000
   17  1.635583157918196  0.000574300000000
   18  1.731793931913384  0.000572500000000
   19  1.828004705908572  0.000570700000000
   20  1.924215479903760  0.000568900000000
   21  2.020426253898948  0.000567200000000
   22  2.116637027894136  0.000565400000000
   23  2.212847801889324  0.000563600000000
   24  2.309058575884512  0.000561900000000
   25  2.405269349879700  0.000560100000000
   26  2.501480123874888  0.000558300000000
   27  2.597690897870076  0.000556500000000
   28  2.693901671865264  0.000554800000000
   29  2.790112445860452  0.000553000000000
   30  2.886323219855639  0.000551200000000
   31  2.982533993850828  0.000549400000000
   32  3.078744767846016  0.000547700000000
   33  3.174955541841204  0.000545900000000
   34  3.271166315836392  0.000544100000000
   35  3.367377089831579  0.000542300000000
   36  3.463587863826767  0.000540600000000
   37  3.559798637821955  0.000538800000000
   38  3.656009411817144  0.000537000000000
   39  3.752220185812332  0.000535200000000
   40  3.848430959807519  0.000533500000000
   41  3.944641733802707  0.000531700000000
   42  4.040852507797895  0.000529900000000
   43  4.137063281793083  0.000528100000000
   44  4.233274055788272  0.000526400000000
   45  4.329484829783460  0.000524600000000
   46  4.425695603778648  0.000522800000000
   47  4.521906377773836  0.000521100000000
   48  4.618117151769024  0.000519300000000
   49  4.714327925764211  0.000517500000000
   50  4.810538699759399  0.000515700000000
   51  4.906749473754587  0.000514000000000
   52  5.002960247749775  0.000512200000000
   53  5.099171021744963  0.000510400000000
   54  5.195381795740151  0.000508600000000
   55  5.291592569735339  0.000506900000000
   56  5.387803343730527  0.000505100000000
   57  5.484014117725716  0.000503300000000
   58  5.580224891720904  0.000501500000000
   59  5.676435665716091  0.000499800000000
   60  5.772646439711279  0.000498000000000
   61  5.868857213706467  0.000496200000000
   62  5.965067987701655  0.000494400000000
   63  6.061278761696843  0.000492700000000
   64  6.157489535692031  0.000490900000000
   65  6.253700309687219  0.000489100000000
   66  6.349911083682407  0.000487300000000
   67  6.446121857677595  0.000485600000000
   68  6.542332631672783  0.000483800000000
   69  6.638543405667972  0.000482000000000
   70  6.734754179663159  0.000480200000000
   71  6.830964953658347  0.000478500000000
   72  6.927175727653535  0.000476700000000
   73  7.023386501648723  0.000474900000000
   74  7.119597275643911  0.000473200000000
   75  7.215808049639099  0.000471400000000
   76  7.312018823634287  0.000469600000000
   77  7.408229597629475  0.000467800000000
   78  7.504440371624663  0.000466100000000
   79  7.600651145619851  0.000464300000000
   80  7.696861919615039  0.000462500000000
   81  7.793072693610227  0.000460700000000
   82  7.889283467605415  0.000459000000000
   83  7.985494241600603  0.000457200000000
   84  8.081705015595791  0.000455400000000
   85  8.177915789590980  0.000453600000000
   86  8.274126563586167  0.000451900000000
   87  8.370337337581354  0.000450100000000
   88  8.466548111576543  0.000448300000000
   89  8.562758885571730  0.000446500000000
   90  8.658969659566919  0.000444800000000
   91  8.755180433562106  0.000443000000000
   92  8.851391207557295  0.000441200000000
   93  8.947601981552483  0.000439400000000
   94  9.043812755547672  0.000437700000000
   95  9.140023529542859  0.000435900000000
   96  9.236234303538048  0.000434100000000
   97  9.332445077533235  0.000432400000000
   98  9.428655851528422  0.000430600000000
   99  9.524866625523611  0.000428800000000
  100  9.621077399518798  0.000427000000000
  101  9.717288173513987  0.000425300000000
  102  9.813498947509174  0.000423500000000
  103  9.909709721504363  0.000421700000000
  104 10.005920495499550  0.000419900000000
  105 10.102131269494739  0.000418200000000
  106 10.198342043489927  0.000416400000000
  107 10.294552817485114  0.000414600000000
  108 10.390763591480303  0.000412800000000
  109 10.486974365475490  0.000370974080000
  110 10.583185139470679  0.000257511651200
  111 10.679395913465866  0.000095244534400
  112 10.775606687461055 -0.000089682382400
  113 10.871817461456242 -0.000252096811200
  114 10.968028235451431 -0.000390912800000
  115 11.064239009446618 -0.000508784160000
  116 11.160449783441807 -0.000603808000000
  117 11.256660557436994 -0.000684869120000
  118 11.352871331432182 -0.000730727360000
  119 11.449082105427371 -0.000754849248000
  120 11.545292879422558 -0.000766368800000
  121 11.641503653417747 -0.000753142880000
  122 11.737714427412934 -0.000747266880000
  123 11.833925201408123 -0.000723037440000
  124 11.930135975403310 -0.000677701280000
  125 12.026346749398499 -0.000643570720000
  126 12.122557523393686 -0.000614579520000
  127 12.218768297388875 -0.000593191680000
  128 12.314979071384062 -0.000581353120000
  129 12.411189845379250 -0.000595098560000
  130 12.507400619374438 -0.000592941280000
  131 12.603611393369626 -0.000607719232000
  132 12.699822167364815 -0.000651058560000
  133 12.796032941360002 -0.000681163840000
  134 12.892243715355191 -0.000688891520000
  135 12.988454489350378 -0.000691603840000
  136 13.084665263345567 -0.000710696160000
  137 13.180876037340754 -0.000745221280000
  138 13.277086811335943 -0.000782872320000
  139 13.373297585331130 -0.000810118720000
  140 13.469508359326317 -0.000820464640000
  141 13.565719133321506 -0.000812390080000
  142 13.661929907316694 -0.000790181120000
  143 13.758140681311883 -0.000763004480000
  144 13.854351455307070 -0.000746793760000
  145 13.950562229302259 -0.000742083040000
  146 14.046773003297446 -0.000749481600000
  147 14.142983777292635 -0.000767512160000
  148 14.239194551287822 -0.000783762080000
  149 14.335405325283011 -0.000797872640000
  150 14.431616099278198 -0.000797136160000
  151 14.527826873273385 -0.000792390720000
  152 14.624037647268574 -0.000799587840000
  153 14.720248421263761 -0.000817124160000
  154 14.816459195258950 -0.000856181760000
  155 14.912669969254138 -0.000901000800000
  156 15.008880743249327 -0.000999049952000
  157 15.105091517244514 -0.001126737920000
  158 15.201302291239703 -0.001182999376000
  159 15.297513065234890 -0.001223534080000
  160 15.393723839230077 -0.001258476160000
  161 15.489934613225266 -0.001302144800000
  162 15.586145387220453 -0.001376792640000
  163 15.682356161215642 -0.001459409440000
  164 15.778566935210829 -0.001526913280000
  165 15.874777709206018 -0.001562872544000
  166 15.970988483201205 -0.001578932480000
  167 16.067199257196393 -0.001561689280000
  168 16.163410031191582 -0.001509729280000
  169 16.259620805186771 -0.001474840960000
  170 16.355831579181960 -0.001458214400000
  171 16.452042353177145 -0.001449753600000
  172 16.548253127172334 -0.001444574560000
  173 16.644463901167523 -0.001451544800000
  174 16.740674675162708 -0.001460255040000
  175 16.836885449157897 -0.001459070880000
  176 16.933096223153086 -0.001474205440000
  177 17.029306997148275 -0.001514272640000
  178 17.125517771143461 -0.001542820800000
  179 17.221728545138649 -0.001656426240000
  180 17.317939319133838 -0.001791824000000
  181 17.414150093129027 -0.001889708800000
  182 17.510360867124213 -0.002030189120000
  183 17.606571641119402 -0.002122832000000
  184 17.702782415114591 -0.002178052800000
  185 17.798993189109776 -0.002226678400000
  186 17.895203963104965 -0.002280121600000
  187 17.991414737100154 -0.002343313600000
  188 18.087625511095343 -0.002409489600000
  189 18.183836285090528 -0.002466424000000
  190 18.280047059085717 -0.002507108800000
  191 18.376257833080906 -0.002561180800000
  192 18.472468607076095 -0.002572897600000
  193 18.568679381071281 -0.002565108800000
  194 18.664890155066470 -0.002580230400000
  195 18.761100929061659 -0.002570104000000
  196 18.857311703056844 -0.002534153600000
  197 18.953522477052033 -0.002480885120000
  198 19.049733251047222 -0.002386993120000
  199 19.145944025042411 -0.002334173920000
  200 19.242154799037596 -0.002403280016000
  201 19.338365573032785 -0.002569006400000
  202 19.434576347027974 -0.002816230400000
  203 19.530787121023160 -0.003213740800000
  204 19.626997895018349 -0.003431269920000
  205 19.723208669013538 -0.003589441920000
  206 19.819419443008726 -0.004108253120000
  207 19.915630217003912 -0.004308769600000
  208 20.011840990999101 -0.004156430400000
  209 20.108051764994290 -0.004182513600000
  210 20.204262538989479 -0.004290697600000
  211 20.300473312984664 -0.004481065600000
  212 20.396684086979853 -0.004684680000000
  213 20.492894860975042 -0.004858011200000
  214 20.589105634970227 -0.004966897600000
  215 20.685316408965416 -0.004805539924800
  216 20.781527182960605 -0.005144852800000
  217 20.877737956955794 -0.005300745600000
  218 20.973948730950980 -0.005008507200000
  219 21.070159504946169 -0.005126443200000
  220 21.166370278941358 -0.005323754400000
  221 21.262581052936547 -0.005538825600000
  222 21.358791826931732 -0.005552928000000
  223 21.455002600926921 -0.005821865600000
  224 21.551213374922110 -0.006294776000000
  225 21.647424148917295 -0.006607632000000
  226 21.743634922912484 -0.007006766400000
  227 21.839845696907673 -0.007524380800000
  228 21.936056470902862 -0.008087062400000
  229 22.032267244898048 -0.008682145600000
  230 22.128478018893237 -0.009231889600000
  231 22.224688792888426 -0.009973724800000
  232 22.320899566883615 -0.010841761600000
  233 22.417110340878800 -0.011484928000000
  234 22.513321114873989 -0.012010571200000
  235 22.609531888869178 -0.012553846400000
  236 22.705742662864363 -0.013520000000000
  237 22.801953436859552 -0.014510864000000
  238 22.898164210854741 -0.015220752000000
  239 22.994374984849930 -0.016214912000000
  240 23.090585758845116 -0.017664432000000
  241 23.186796532840305 -0.019332144000000
  242 23.283007306835493 -0.021070768000000
  243 23.379218080830682 -0.023005984000000
  244 23.475428854825868 -0.025140416000000
  245 23.571639628821057 -0.027395056000000
  246 23.667850402816246 -0.029687152000000
  247 23.764061176811431 -0.031955136000000
  248 23.860271950806620 -0.034142928000000
  249 23.956482724801809 -0.036168000000000
  250 24.052693498796998 -0.037903568000000
  251 24.148904272792183 -0.039182528000000
  252 24.245115046787372 -0.039985984000000
  253 24.341325820782561 -0.042862688000000
  254 24.437536594777750 -0.048812224000000
  255 24.533747368772936 -0.054418048000000
  256 24.629958142768125 -0.059026592000000
  257 24.726168916763314 -0.061561248000000
  258 24.822379690758499 -0.062658080000000
  259 24.918590464753688 -0.065814480000000
  260 25.014801238748877 -0.069625104000000
  261 25.111012012744066 -0.073058656000000
  262 25.207222786739251 -0.076827296000000
  263 25.303433560734440 -0.081365744000000
  264 25.399644334729629 -0.086621792000000
  265 25.495855108724818 -0.092370256000000
  266 25.592065882720004 -0.098565696000000
  267 25.688276656715193 -0.105405008000000
  268 25.784487430710382 -0.113212160000000
  269 25.880698204705567 -0.122324320000000
  270 25.976908978700756 -0.132908800000000
  271 26.073119752695945 -0.144978720000000
  272 26.169330526691134 -0.158421600000000
  273 26.265541300686319 -0.172972160000000
  274 26.361752074681508 -0.188316640000000
  275 26.457962848676697 -0.204154400000000
  276 26.554173622671886 -0.220203680000000
  277 26.650384396667071 -0.236178240000000
  278 26.746595170662260 -0.251791519999999
  279 26.842805944657449 -0.266619040000000
  280 26.939016718652635 -0.280328159999999
  281 27.035227492647824 -0.292652480000000
  282 27.131438266643013 -0.302869120000000
  283 27.227649040638202 -0.311766720000000
  284 27.323859814633387 -0.322834240000000
  285 27.420070588628576 -0.337143360000000
  286 27.516281362623765 -0.350508640000000
  287 27.612492136618954 -0.360465920000000
  288 27.708702910614139 -0.367292000000000
  289 27.804913684609328 -0.370531040000000
  290 27.901124458604517 -0.371082880000000
  291 27.997335232599703 -0.370727040000000
  292 28.093546006594892 -0.369834080000000
  293 28.189756780590081 -0.368436000000000
  294 28.285967554585270 -0.366487680000000
  295 28.382178328580455 -0.362471040000000
  296 28.478389102575644 -0.355199839999999
  297 28.574599876570833 -0.345525600000001
  298 28.670810650566022 -0.334091680000000
  299 28.767021424561207 -0.323011200000000
  300 28.863232198556396 -0.316480480000000
  301 28.959442972551585 -0.313671200000001
  302 29.055653746546771 -0.311586720000000
  303 29.151864520541960 -0.310109920000000
  304 29.248075294537148 -0.310006560000000
  305 29.344286068532337 -0.311352160000000
  306 29.440496842527523 -0.313782240000000
  307 29.536707616522712 -0.316536800000000
  308 29.632918390517901 -0.321207840000000
  309 29.729129164513090 -0.330644320000000
  310 29.825339938508275 -0.342474400000001
  311 29.921550712503464 -0.353052160000000
  312 30.017761486498653 -0.361547200000000
  313 30.113972260493838 -0.366980960000000
  314 30.210183034489027 -0.369321440000000
  315 30.306393808484216 -0.370306560000000
  316 30.402604582479405 -0.370678079999999
  317 30.498815356474591 -0.370266240000000
  318 30.595026130469780 -0.369203360000000
  319 30.691236904464969 -0.366420480000000
  320 30.787447678460154 -0.360309600000000
  321 30.883658452455343 -0.351311040000000
  322 30.979869226450532 -0.340293120000000
  323 31.076080000445721 -0.328472160000000
  324 31.172290774440906 -0.320001920000000
  325 31.268501548436095 -0.316046240000000
  326 31.364712322431284 -0.313479040000001
  327 31.460923096426473 -0.311331680000000
  328 31.557133870421659 -0.310477120000000
  329 31.653344644416848 -0.311146560000000
  330 31.749555418412037 -0.313166080000000
  331 31.845766192407222 -0.315698720000000
  332 31.941976966402411 -0.319380000000000
  333 32.038187740397596 -0.327328000000000
  334 32.134398514392785 -0.339063200000000
  335 32.230609288387974 -0.350339520000000
  336 32.326820062383163 -0.359644320000000
  337 32.423030836378352 -0.366190560000000
  338 32.519241610373541 -0.369342880000000
  339 32.615452384368730 -0.370582080000000
  340 32.711663158363919 -0.371125920000000
  341 32.807873932359101 -0.370873120000000
  342 32.904084706354290 -0.369961600000000
  343 33.000295480349479 -0.367817120000000
  344 33.096506254344668 -0.362672960000000
  345 33.192717028339857 -0.354319200000000
  346 33.288927802335046 -0.343788640000001
  347 33.385138576330235 -0.331831360000000
  348 33.481349350325416 -0.321900640000000
  349 33.577560124320605 -0.316891360000000
  350 33.673770898315794 -0.314165920000000
  351 33.769981672310983 -0.311825120000000
  352 33.866192446306172 -0.310561760000000
  353 33.962403220301361 -0.310813600000000
  354 34.058613994296550 -0.312513760000000
  355 34.154824768291732 -0.314990560000000
  356 34.251035542286921 -0.318064800000000
  357 34.347246316282110 -0.324451200000000
  358 34.443457090277299 -0.335473920000000
  359 34.539667864272488 -0.347133280000000
  360 34.635878638267677 -0.356984160000000
  361 34.732089412262866 -0.364398240000000
  362 34.828300186258055 -0.368417440000000
  363 34.924510960253237 -0.369934560000000
  364 35.020721734248426 -0.370589600000000
  365 35.116932508243615 -0.370538080000000
  366 35.213143282238804 -0.369792320000000
  367 35.309354056233992 -0.368204000000000
  368 35.405564830229181 -0.364150720000000
  369 35.501775604224370 -0.356732800000000
  370 35.597986378219552 -0.346931200000000
  371 35.694197152214741 -0.335357760000000
  372 35.790407926209930 -0.324391840000000
  373 35.886618700205119 -0.317982240000000
  374 35.982829474200308 -0.314829600000000
  375 36.079040248195497 -0.312245120000000
  376 36.175251022190686 -0.310373920000000
  377 36.271461796185868 -0.309894400000000
  378 36.367672570181057 -0.310858720000000
  379 36.463883344176246 -0.312833600000000
  380 36.560094118171435 -0.315127840000000
  381 36.656304892166624 -0.319730400000000
  382 36.752515666161813 -0.329369280000000
  383 36.848726440157002 -0.341132160000000
  384 36.944937214152191 -0.351566560000000
  385 37.041147988147372 -0.359932480000000
  386 37.137358762142561 -0.365242720000000
  387 37.233569536137750 -0.367775360000000
  388 37.329780310132939 -0.369316480000000
  389 37.425991084128128 -0.370456640000000
  390 37.522201858123317 -0.371002720000000
  391 37.618412632118506 -0.370954240000000
  392 37.714623406113688 -0.369020640000001
  393 37.810834180108877 -0.363588960000000
  394 37.907044954104066 -0.354884960000000
  395 38.003255728099255 -0.342847840000000
  396 38.099466502094444 -0.328352160000000
  397 38.195677276089633 -0.315707520000000
  398 38.291888050084822 -0.306437120000000
  399 38.388098824080004 -0.297020640000000
  400 38.484309598075193 -0.285454560000000
  401 38.580520372070382 -0.272244160000000
  402 38.676731146065570 -0.257843680000000
  403 38.772941920060759 -0.242488640000000
  404 38.869152694055948 -0.226613280000000
  405 38.965363468051137 -0.210560160000000
  406 39.061574242046319 -0.194602880000000
  407 39.157785016041508 -0.179029600000000
  408 39.253995790036697 -0.164120960000000
  409 39.350206564031886 -0.150201120000000
  410 39.446417338027075 -0.137560480000000
  411 39.542628112022264 -0.126375040000000
  412 39.638838886017453 -0.116685920000000
  413 39.735049660012642 -0.108389120000000
  414 39.831260434007824 -0.101207296000000
  415 39.927471208003013 -0.094790048000000
  416 40.023681981998202 -0.088871328000000
  417 40.119892755993391 -0.083395872000000
  418 40.216103529988580 -0.078542368000000
  419 40.312314303983769 -0.074489824000000
  420 40.408525077978958 -0.071011232000000
  421 40.504735851974139 -0.067398656000000
  422 40.600946625969328 -0.063651888000000
  423 40.697157399964517 -0.061926576000000
  424 40.793368173959706 -0.060364656000000
  425 40.889578947954895 -0.056374960000000
  426 40.985789721950084 -0.051306384000000
  427 41.082000495945273 -0.044978096000000
  428 41.178211269940455 -0.040663936000000
  429 41.274422043935644 -0.039518048000000
  430 41.370632817930833 -0.038480320000000
  431 41.466843591926022 -0.036906992000000
  432 41.563054365921211 -0.034979824000000
  433 41.659265139916400 -0.032844480000000
  434 41.755475913911589 -0.030600800000000
  435 41.851686687906778 -0.028312112000000
  436 41.947897461901960 -0.026034288000000
  437 42.044108235897149 -0.023840848000000
  438 42.140319009892337 -0.021819056000000
  439 42.236529783887526 -0.020012000000000
  440 42.332740557882715 -0.018324624000000
  441 42.428951331877904 -0.016750560000000
  442 42.525162105873093 -0.015562096000000
  443 42.621372879868275 -0.014805040000000
  444 42.717583653863464 -0.013953376000000
  445 42.813794427858653 -0.012896676800000
  446 42.910005201853842 -0.012191136000000
  447 43.006215975849031 -0.011716880000000
  448 43.102426749844220 -0.011128544000000
  449 43.198637523839409 -0.010306859200000
  450 43.294848297834591 -0.009511563200000
  451 43.391059071829780 -0.008913377600000
  452 43.487269845824969 -0.008327531200000
  453 43.583480619820158 -0.007744129600000
  454 43.679691393815347 -0.007220673600000
  455 43.775902167810536 -0.006752337600000
  456 43.872112941805725 -0.006356409600000
  457 43.968323715800913 -0.005910166400000
  458 44.064534489796095 -0.005702619840000
  459 44.160745263791284 -0.005623222400000
  460 44.256956037786473 -0.005414297600000
  461 44.353166811781662 -0.005237980800000
  462 44.449377585776851 -0.005017677600000
  463 44.545588359772040 -0.004875159520000
  464 44.641799133767229 -0.005214037920000
  465 44.738009907762411 -0.005224302400000
  466 44.834220681757600 -0.004869427200000
  467 44.930431455752789 -0.004908891200000
  468 45.026642229747978 -0.004759188800000
  469 45.122853003743167 -0.004565705600000
  470 45.219063777738356 -0.004417609600000
  471 45.315274551733545 -0.004194734400000
  472 45.411485325728727 -0.004163660960000
  473 45.507696099723915 -0.004124774720000
  474 45.603906873719104 -0.004150703200000
  475 45.700117647714293 -0.004017128000000
  476 45.796328421709482 -0.003578396800000
  477 45.892539195704671 -0.003267662400000
  478 45.988749969699860 -0.002930987200000
  479 46.084960743695049 -0.002658011200000
  480 46.181171517690231 -0.002452721440000
  481 46.277382291685420 -0.002362424000000
  482 46.373593065680609 -0.002367544000000
  483 46.469803839675798 -0.002428198080000
  484 46.566014613670987 -0.002517805440000
  485 46.662225387666176 -0.002569673600000
  486 46.758436161661365 -0.002579852800000
  487 46.854646935656547 -0.002578944000000
  488 46.950857709651736 -0.002599022400000
  489 47.047068483646925 -0.002558564320000
  490 47.143279257642114 -0.002507176000000
  491 47.239490031637303 -0.002490584000000
  492 47.335700805632491 -0.002435752000000
  493 47.431911579627680 -0.002370600000000
  494 47.528122353622862 -0.002306761600000
  495 47.624333127618051 -0.002247401600000
  496 47.720543901613240 -0.002201248000000
  497 47.816754675608429 -0.002146620800000
  498 47.912965449603618 -0.002070998400000
  499 48.009176223598807 -0.001960723200000
  500 48.105386997593996 -0.001778740480000
  501 48.201597771589185 -0.001697424160000
  502 48.297808545584367 -0.001639388800000
  503 48.394019319579556 -0.001536137600000
  504 48.490230093574745 -0.001489295520000
  505 48.586440867569934 -0.001476456640000
  506 48.682651641565123 -0.001452305280000
  507 48.778862415560312 -0.001443420960000
  508 48.875073189555501 -0.001461532800000
  509 48.971283963550682 -0.001458094720000
  510 49.067494737545871 -0.001450313744000
  511 49.163705511541060 -0.001465433760000
  512 49.259916285536249 -0.001499490560000
  513 49.356127059531438 -0.001533918560000
  514 49.452337833526627 -0.001573550400000
  515 49.548548607521816 -0.001580567200000
  516 49.644759381516998 -0.001547975360000
  517 49.740970155512187 -0.001491293600000
  518 49.837180929507376 -0.001412598400000
  519 49.933391703502565 -0.001331678560000
  520 50.029602477497754 -0.001273664800000
  521 50.125813251492943 -0.001240604320000
  522 50.222024025488132 -0.001205645920000
  523 50.318234799483314 -0.001149411360000
  524 50.414445573478503 -0.001042083840000
  525 50.510656347473692 -0.000947727360000
  526 50.606867121468881 -0.000879622720000
  527 50.703077895464070 -0.000831258240000
  528 50.799288669459258 -0.000806571840000
  529 50.895499443454447 -0.000798158880000
  530 50.991710217449636 -0.000798615040000
  531 51.087920991444818 -0.000798825760000
  532 51.184131765440007 -0.000790805440000
  533 51.280342539435196 -0.000775910240000
  534 51.376553313430385 -0.000758748160000
  535 51.472764087425574 -0.000745827200000
  536 51.568974861420763 -0.000745075680000
  537 51.665185635415952 -0.000756944160000
  538 51.761396409411134 -0.000780142240000
  539 51.857607183406323 -0.000806418080000
  540 51.953817957401512 -0.000821361760000
  541 52.050028731396701 -0.000818387520000
  542 52.146239505391890 -0.000797452480000
  543 52.242450279387079 -0.000762756160000
  544 52.338661053382268 -0.000725083040000
  545 52.434871827377449 -0.000698961280000
  546 52.531082601372638 -0.000690555040000
  547 52.627293375367827 -0.000690803040000
  548 52.723504149363016 -0.000667892960000
  549 52.819714923358205 -0.000625439200000
  550 52.915925697353394 -0.000605289280000
  551 53.012136471348583 -0.000592791680000
  552 53.108347245343772 -0.000580614560000
  553 53.204558019338954 -0.000588794880000
  554 53.300768793334143 -0.000606874720000
  555 53.396979567329332 -0.000633927360000
  556 53.493190341324521 -0.000665894880000
  557 53.589401115319710 -0.000698837120000
  558 53.685611889314899 -0.000737219200000
  559 53.781822663310088 -0.000762398720000
  560 53.878033437305270 -0.000769277280000
  561 53.974244211300459 -0.000766548640000
  562 54.070454985295648 -0.000760127840000
  563 54.166665759290836 -0.000704452320000
  564 54.262876533286025 -0.000625398736000
  565 54.359087307281214 -0.000551753760000
  566 54.455298081276403 -0.000442548480000
  567 54.551508855271585 -0.000312032373440
  568 54.647719629266774 -0.000159764480000
  569 54.743930403261963  0.000018707059408
  570 54.840141177257152  0.000196697741920
  571 54.936351951252341  0.000330244128000
  572 55.032562725247530  0.000403365920000
  573 55.128773499242719  0.000412100000000
  574 55.224984273237908  0.000413900000000
  575 55.321195047233090  0.000415700000000
  576 55.417405821228279  0.000417500000000
  577 55.513616595223468  0.000419200000000
  578 55.609827369218657  0.000421000000000
  579 55.706038143213846  0.000422800000000
  580 55.802248917209035  0.000424600000000
  581 55.898459691204224  0.000426300000000
  582 55.994670465199405  0.000428100000000
  583 56.090881239194594  0.000429900000000
  584 56.187092013189783  0.000431700000000
  585 56.283302787184972  0.000433400000000
  586 56.379513561180161  0.000435200000000
  587 56.475724335175350  0.000437000000000
  588 56.571935109170539  0.000438800000000
  589 56.668145883165721  0.000440500000000
  590 56.764356657160910  0.000442300000000
  591 56.860567431156099  0.000444100000000
  592 56.956778205151288  0.000445900000000
  593 57.052988979146477  0.000447600000000
  594 57.149199753141666  0.000449400000000
  595 57.245410527136855  0.000451200000000
  596 57.341621301132044  0.000452900000000
  597 57.437832075127226  0.000454700000000
  598 57.534042849122415  0.000456500000000
  599 57.630253623117603  0.000458300000000
  600 57.726464397112792  0.000460000000000
  601 57.822675171107981  0.000461800000000
  602 57.918885945103170  0.000463600000000
  603 58.015096719098359  0.000465400000000
  604 58.111307493093541  0.000467100000000
  605 58.207518267088730  0.000468900000000
  606 58.303729041083919  0.000470700000000
  607 58.399939815079108  0.000472500000000
  608 58.496150589074297  0.000474200000000
  609 58.592361363069486  0.000476000000000
  610 58.688572137064675  0.000477800000000
  611 58.784782911059857  0.000479600000000
  612 58.880993685055046  0.000481300000000
  613 58.977204459050235  0.000483100000000
  614 59.073415233045424  0.000484900000000
  615 59.169626007040613  0.000486700000000
  616 59.265836781035802  0.000488400000000
  617 59.362047555030991  0.000490200000000
  618 59.458258329026179  0.000492000000000
  619 59.554469103021361  0.000493800000000
  620 59.650679877016550  0.000495500000000
  621 59.746890651011739  0.000497300000000
  622 59.843101425006928  0.000499100000000
  623 59.939312199002117  0.000500900000000
  624 60.035522972997306  0.000502600000000
  625 60.131733746992495  0.000504400000000
  626 60.227944520987677  0.000506200000000
  627 60.324155294982866  0.000508000000000
  628 60.420366068978055  0.000509700000000
  629 60.516576842973244  0.000511500000000
  630 60.612787616968433  0.000513300000000
  631 60.708998390963622  0.000515100000000
  632 60.805209164958811  0.000516800000000
  633 60.901419938953993  0.000518600000000
  634 60.997630712949181  0.000520400000000
  635 61.093841486944370  0.000522200000000
  636 61.190052260939559  0.000523900000000
  637 61.286263034934748  0.000525700000000
  638 61.382473808929937  0.000527500000000
  639 61.478684582925126  0.000529200000000
  640 61.574895356920308  0.000531000000000
  641 61.671106130915497  0.000532800000000
  642 61.767316904910686  0.000534600000000
  643 61.863527678905875  0.000536300000000
  644 61.959738452901064  0.000538100000000
  645 62.055949226896253  0.000539900000000
  646 62.152160000891442  0.000541700000000
  647 62.248370774886631  0.000543400000000
  648 62.344581548881813  0.000545200000000
  649 62.440792322877002  0.000547000000000
  650 62.537003096872191  0.000548800000000
  651 62.633213870867380  0.000550500000000
  652 62.729424644862569  0.000552300000000
  653 62.825635418857757  0.000554100000000
  654 62.921846192852946  0.000555900000000
  655 63.018056966848128  0.000557600000000
  656 63.114267740843317  0.000559400000000
  657 63.210478514838506  0.000561200000000
  658 63.306689288833695  0.000563000000000
  659 63.402900062828884  0.000564700000000
  660 63.499110836824073  0.000566500000000
  661 63.595321610819262  0.000568300000000
  662 63.691532384814444  0.000570100000000
  663 63.787743158809633  0.000571800000000
  664 63.883953932804822  0.000573600000000
  665 63.980164706800011  0.000575400000000
  666 64.076375480795193  0.000577200000000
  667 64.172586254790389  0.000578900000000
  668 64.268797028785571  0.000580700000000
  669 64.365007802780767  0.000582500000000
  670 64.461218576775948  0.000584300000000
  671 64.557429350771145  0.000586000000000
  672 64.653640124766326  0.000587800000000
  673 64.749850898761508  0.000589600000000
  674 64.846061672756704  0.000591400000000
  675 64.942272446751886  0.000593100000000
  676 65.038483220747082  0.000594900000000
  677 65.134693994742264  0.000596700000000
  678 65.230904768737460  0.000598400000000
  679 65.327115542732642  0.000600200000000
  680 65.423326316727838  0.000602000000000
  681 65.519537090723020  0.000603800000000
  682 65.615747864718202  0.000605500000000
  683 65.711958638713398  0.000607300000000
  684 65.808169412708580  0.000609100000000
  685 65.904380186703776  0.000610900000000
  686 66.000590960698958  0.000612600000000
  687 66.096801734694154  0.000614400000000
  688 66.193012508689336  0.000616200000000
  689 66.289223282684517  0.000618000000000
  690 66.385434056679713  0.000619700000000
  691 66.481644830674895  0.000621500000000
  692 66.577855604670091  0.000623300000000
  693 66.674066378665273  0.000625100000000
  694 66.770277152660469  0.000626800000000
  695 66.866487926655651  0.000628600000000
  696 66.962698700650833  0.000630400000000
  697 67.058909474646029  0.000632200000000
  698 67.155120248641211  0.000633900000000
  699 67.251331022636407  0.000635700000000
  700 67.347541796631589  0.000637500000000
  701 67.443752570626785  0.000639300000000
  702 67.539963344621967  0.000641000000000
  703 67.636174118617149  0.000642800000000
  704 67.732384892612345  0.000644600000000
  705 67.828595666607526  0.000646400000000
  706 67.924806440602723  0.000648100000000
  707 68.021017214597904  0.000649900000000
  708 68.117227988593100  0.000651700000000
  709 68.213438762588282  0.000653500000000
  710 68.309649536583464  0.000655200000000
  711 68.405860310578660  0.000657000000000
  712 68.502071084573842  0.000658800000000
  713 68.598281858569038  0.000660500000000
  714 68.694492632564220  0.000662300000000
  715 68.790703406559416  0.000664100000000
  716 68.886914180554598  0.000665900000000
  717 68.983124954549780  0.000667600000000
  718 69.079335728544976  0.000669400000000
  719 69.175546502540158  0.000671200000000
  720 69.271757276535354  0.000673000000000
  721 69.367968050530536  0.000674700000000
  722 69.464178824525732  0.000676500000000
  723 69.560389598520914  0.000678200000000
  724 69.656600372516110  0.000680200000000
  725 69.752811146511291  0.000680770720000
  726 69.849021920506473  0.000675600000000
  727 69.945232694501669  0.000664800000000
  728 70.041443468496851  0.000650800000000
